RESULTS REPORT
Model: RoBERTa
Encoder: roberta-base
Chunk layout: Cohan
Evaluation: test set (4 random seeds)
Train scheme: fine-tuning
Max sequence length: 512
Max sentence length: 85
Max sentences per chunk: 7
Batch size: 4
Dropout rate: 0.1
Learning rate: 1e-05
Adam Epsilon: 1e-08
Use MLP: False
Weight decay: 0.001
Train time: 01h37m18s
GPU name: NVIDIA GeForce GTX 1080 Ti
GPU memory: 10.92

Averages:
Epoch Train loss    std    Test loss    std    P (micro)  P std  R (micro)  R std  F1 (micro)  F1 std P (weighted)  P std  R (weighted)  R std  F1 (weighted)  F1 std
   1   1.216642   0.012628  0.889820  0.044766   0.7274   0.0109   0.7274   0.0109   0.7274    0.0109    0.7240     0.0104    0.7274     0.0109     0.6983     0.0169
   2   0.862283   0.005324  0.777582  0.014524   0.7575   0.0046   0.7575   0.0046   0.7575    0.0046    0.7433     0.0061    0.7575     0.0046     0.7413     0.0068
   3   0.766586   0.004132  0.772905  0.011834   0.7644   0.0045   0.7644   0.0045   0.7644    0.0045    0.7527     0.0050    0.7644     0.0045     0.7499     0.0064
   4   0.685980   0.003318  0.761589  0.003270   0.7724   0.0049   0.7724   0.0049   0.7724    0.0049    0.7555     0.0042    0.7724     0.0049     0.7573     0.0042

*** Detailed report ***

Confusion matrices
------------------
ANALYSIS: 0 
ARG_PETITIONER: 1 
ARG_RESPONDENT: 2 
FAC: 3 
ISSUE: 4 
NONE: 5 
PREAMBLE: 6 
PRE_NOT_RELIED: 7 
PRE_RELIED: 8 
RATIO: 9 
RLC: 10 
RPC: 11 
STA: 12 
=> Iteration 0:
Epoch 1:
[[961   8   0  15   0   1   0   0   1   0   0   0   0]
 [ 56  13   0   1   0   0   0   0   0   0   0   0   0]
 [ 24  12   0   2   0   0   0   0   0   0   0   0   0]
 [199   4   0 366   5   4   0   0   0   0   3   0   0]
 [ 14   0   0   8  29   0   0   0   0   0   0   0   0]
 [ 22   0   0   6   0 149   2   0   1   0   0  12   0]
 [ 24   0   0  17   0  39 428   0   0   0   0   1   0]
 [ 12   0   0   0   0   0   0   0   0   0   0   0   0]
 [121   0   1   8   0   0   0   0  10   0   0   2   0]
 [ 53   0   0   0   0   0   0   0   0  12   0   7   0]
 [ 58   0   0  46   0   0   0   0   1   0   9   2   0]
 [ 10   0   0   0   0   2   0   0   0   8   0  72   0]
 [ 23   0   0   1   0   0   0   0   0   0   0   1   4]]
Epoch 2:
[[855   6   9  40   2   9   6   0  26  13   0   2  18]
 [ 34   6   9  10   0   1   1   0   5   0   0   2   2]
 [ 16  11   9   1   1   0   0   0   0   0   0   0   0]
 [ 87   1   2 460   7   5   8   0   2   0   2   1   6]
 [  9   0   0   5  36   1   0   0   0   0   0   0   0]
 [  9   0   2   4   0 167   5   0   2   0   0   3   0]
 [  0   0   0   7   0  14 488   0   0   0   0   0   0]
 [ 11   0   0   0   0   0   0   0   1   0   0   0   0]
 [ 69   0   0   4   3   0   1   0  64   0   0   1   0]
 [ 39   0   0   1   0   0   0   0   0  18   0  14   0]
 [ 44   0   0  57   1   1   1   0   8   0   2   2   0]
 [  8   0   0   0   0   8   0   0   0   2   0  74   0]
 [  9   0   0   0   0   1   0   0   1   0   0   1  17]]
Epoch 3:
[[797   9   0  85   2   7   4   0  36  16  11   2  17]
 [ 25  12   3  16   0   0   1   0   8   0   3   1   1]
 [ 14  15   6   3   0   0   0   0   0   0   0   0   0]
 [ 54   0   0 483   5   4   0   0   5   0  26   0   4]
 [  7   0   0   5  38   1   0   0   0   0   0   0   0]
 [  6   0   2  10   0 161   5   0   3   0   1   4   0]
 [  0   0   0   6   0  13 488   0   0   0   2   0   0]
 [  9   0   0   0   0   0   0   0   3   0   0   0   0]
 [ 57   0   0   1   0   0   0   0  80   0   3   1   0]
 [ 34   0   0   1   0   0   0   0   1  25   0  11   0]
 [ 33   0   0  32   1   0   0   0  13   0  37   0   0]
 [  6   0   0   0   0   7   0   0   0   7   0  72   0]
 [  9   0   0   0   0   0   0   0   1   0   1   1  17]]
Epoch 4:
[[857  23   1  53   2   3   4   0  19  17   0   2   5]
 [ 33  18   2  11   0   0   0   0   3   0   1   1   1]
 [  9  26   1   2   0   0   0   0   0   0   0   0   0]
 [ 70  14   0 463   6   4   0   0   4   1  15   0   4]
 [  7   0   0   5  39   0   0   0   0   0   0   0   0]
 [  7   1   2   8   1 161   4   0   2   0   1   5   0]
 [  0   0   0  15   0  13 481   0   0   0   0   0   0]
 [ 10   1   0   0   0   0   0   0   1   0   0   0   0]
 [ 71   1   0   4   0   0   0   0  62   0   3   1   0]
 [ 36   0   0   1   0   0   0   0   0  24   0  11   0]
 [ 37   0   0  47   1   0   0   0  12   0  17   2   0]
 [  5   0   0   0   0   3   0   0   0   8   0  76   0]
 [ 10   0   0   0   0   0   0   0   0   0   1   1  17]]
=> Iteration 1:
Epoch 1:
[[783  27   9 126  10   8   1   0   4   8   8   2   0]
 [ 22  15   4  22   1   0   1   0   2   0   3   0   0]
 [  6  21   9   1   1   0   0   0   0   0   0   0   0]
 [ 58   1   3 498   8   4   1   0   0   0   7   0   1]
 [  7   0   0   9  35   0   0   0   0   0   0   0   0]
 [  8   3   0   5   2 158  11   0   1   0   0   4   0]
 [  1   0   0  14   3  12 479   0   0   0   0   0   0]
 [ 11   1   0   0   0   0   0   0   0   0   0   0   0]
 [ 83   2   1  14   4   0   0   0  25   0  12   1   0]
 [ 38   0   0   3   0   0   0   0   0  14   0  17   0]
 [ 34   0   0  65   1   0   0   0   0   0  15   1   0]
 [  4   0   0   0   0   8   0   0   0   5   0  75   0]
 [ 21   1   0   1   0   0   0   0   0   0   0   1   5]]
Epoch 2:
[[838  13   2  52   5   6   0   0  41  10   3   2  14]
 [ 25  13   1  17   1   2   0   0   7   0   2   1   1]
 [ 13  20   3   2   0   0   0   0   0   0   0   0   0]
 [ 75   0   5 470   5   4   1   0   7   0   9   0   5]
 [  6   0   0   6  37   1   0   0   1   0   0   0   0]
 [  6   3   0   8   0 164   6   0   3   0   0   2   0]
 [  2   0   0  10   0   8 487   0   2   0   0   0   0]
 [ 10   1   0   0   0   0   0   0   1   0   0   0   0]
 [ 58   0   0   5   3   0   0   0  74   0   1   1   0]
 [ 34   0   0   2   0   0   0   0   2  27   0   7   0]
 [ 32   0   0  63   1   0   0   0  14   0   6   0   0]
 [  4   0   0   0   0  13   0   0   1   7   0  67   0]
 [  8   0   0   1   0   0   0   0   1   0   0   1  18]]
Epoch 3:
[[822  42  11  41   3   5   0   0  26  23   8   4   1]
 [ 19  22   9   9   1   0   0   0   4   0   5   1   0]
 [  5  29   2   2   0   0   0   0   0   0   0   0   0]
 [ 77  19  12 429   5   6   0   0   3   0  27   0   3]
 [  8   0   0   6  36   1   0   0   0   0   0   0   0]
 [  7   4   0   3   0 161   8   0   3   0   0   6   0]
 [  0   0   0  10   0   4 493   0   0   0   2   0   0]
 [  8   2   0   0   0   0   0   0   2   0   0   0   0]
 [ 60   6   0   2   3   0   0   0  64   0   6   1   0]
 [ 33   3   0   1   0   0   0   0   0  23   0  12   0]
 [ 35   0   0  25   1   0   0   0  12   0  43   0   0]
 [  5   0   0   0   0   4   0   0   0   6   0  77   0]
 [ 10   1   0   0   0   0   0   0   1   0   1   1  15]]
Epoch 4:
[[875  19   7  28   5   1   0   0  25  15   3   3   5]
 [ 30  15   7  10   1   0   0   0   6   0   0   1   0]
 [  9  26   1   2   0   0   0   0   0   0   0   0   0]
 [ 84   5  12 451   5   4   0   0   3   0  14   0   3]
 [  8   0   0   5  38   0   0   0   0   0   0   0   0]
 [  8   0   3   5   1 163   4   0   3   0   0   5   0]
 [  6   0   0  14   0   6 483   0   0   0   0   0   0]
 [ 10   1   0   0   0   0   0   0   1   0   0   0   0]
 [ 64   1   0   5   3   0   0   0  65   0   3   1   0]
 [ 37   1   0   0   0   0   0   0   0  24   0  10   0]
 [ 37   0   0  47   1   0   0   0  13   0  16   2   0]
 [  5   0   0   0   0   4   0   0   0   9   0  74   0]
 [ 10   0   0   1   0   0   0   0   1   0   0   1  16]]
=> Iteration 2:
Epoch 1:
[[912  18   1  17   2   2   4   0  12   8   1   1   8]
 [ 45  19   0   4   0   0   0   0   1   0   0   0   1]
 [ 17  19   0   1   1   0   0   0   0   0   0   0   0]
 [150   6   0 399   8   4   1   0   1   0   7   0   5]
 [ 12   0   0   7  32   0   0   0   0   0   0   0   0]
 [ 13   0   3   5   2 125  25   0   3   0   0  16   0]
 [  4   0   0  11   0   6 480   0   5   0   0   0   3]
 [ 11   1   0   0   0   0   0   0   0   0   0   0   0]
 [ 88   1   0   2   0   0   1   0  47   0   0   3   0]
 [ 44   0   0   0   0   0   0   0   0  14   0  14   0]
 [ 61   0   0  37   2   1   0   0   1   0  12   2   0]
 [  6   0   0   0   0   0   0   0   0   2   0  84   0]
 [  9   1   0   0   0   0   0   0   2   0   0   1  16]]
Epoch 2:
[[825  46   0  39   2   3   4   0  49   8   6   1   3]
 [ 23  28   0   7   0   0   0   0   7   0   3   1   1]
 [  6  30   0   1   1   0   0   0   0   0   0   0   0]
 [ 82  20   0 434   7   5   2   0   2   0  25   0   4]
 [  9   0   0   5  36   1   0   0   0   0   0   0   0]
 [  5   3   0   2   1 150  21   0   5   0   1   4   0]
 [  0   0   0   8   0   4 497   0   0   0   0   0   0]
 [  8   2   0   0   0   0   0   0   2   0   0   0   0]
 [ 49   5   0   4   0   0   0   0  77   0   6   1   0]
 [ 36   0   0   2   0   0   0   0   3  21   0  10   0]
 [ 31   0   0  35   1   0   1   0  13   0  35   0   0]
 [  5   0   0   0   0   5   0   0   0   9   0  73   0]
 [ 12   1   0   0   0   0   0   0   1   0   1   1  13]]
Epoch 3:
[[892   8   0  44   1   1   2   0  11  23   2   1   1]
 [ 41  15   1   8   1   0   0   0   1   1   0   1   1]
 [ 14  21   1   2   0   0   0   0   0   0   0   0   0]
 [ 93   1   0 465   6   2   0   0   0   2   9   0   3]
 [ 10   0   0   5  36   0   0   0   0   0   0   0   0]
 [  8   1   2   6   1 153  12   0   3   0   0   6   0]
 [  0   0   0  13   0   4 492   0   0   0   0   0   0]
 [ 11   1   0   0   0   0   0   0   0   0   0   0   0]
 [ 90   2   0   5   0   0   0   0  39   2   3   1   0]
 [ 36   0   0   0   0   0   0   0   0  28   0   8   0]
 [ 43   0   0  54   1   0   0   0   6   0  10   2   0]
 [  5   0   0   0   0   4   0   0   0   8   0  75   0]
 [ 14   0   0   1   0   0   0   0   0   0   0   1  13]]
Epoch 4:
[[875   3   7  48   2   1   6   0  18  18   3   1   4]
 [ 34  15   5   8   1   0   0   0   5   0   0   1   1]
 [  9  13  14   2   0   0   0   0   0   0   0   0   0]
 [ 83   3   0 466   6   2   0   0   0   1  16   0   4]
 [  8   0   0   5  38   0   0   0   0   0   0   0   0]
 [  8   0   3   5   0 160   7   0   3   0   1   5   0]
 [  2   0   0  12   0   8 487   0   0   0   0   0   0]
 [ 11   1   0   0   0   0   0   0   0   0   0   0   0]
 [ 70   2   0   6   0   0   0   0  59   0   4   1   0]
 [ 37   0   0   1   0   0   0   0   0  26   0   8   0]
 [ 39   0   0  46   1   0   0   0   9   0  19   2   0]
 [  5   0   0   0   0   4   0   0   0   8   0  75   0]
 [ 12   0   0   1   0   0   0   0   0   0   0   1  15]]
=> Iteration 3:
Epoch 1:
[[821  48   0  80   1   4   0   0   6  19   1   6   0]
 [ 31  23   0  14   0   0   1   0   1   0   0   0   0]
 [  7  29   0   2   0   0   0   0   0   0   0   0   0]
 [ 69  21   0 468   6   4   2   0   0   0   7   0   4]
 [ 11   0   0   7  31   1   0   0   0   0   1   0   0]
 [ 10   3   0   8   0 152  10   0   1   0   0   8   0]
 [  0   0   0   9   0  14 484   0   1   0   0   1   0]
 [ 11   1   0   0   0   0   0   0   0   0   0   0   0]
 [105   3   0   9   3   0   2   0  15   0   3   2   0]
 [ 31   0   0   6   0   0   0   0   0  10   0  25   0]
 [ 44   0   0  63   1   0   0   0   0   0   6   2   0]
 [  3   0   0   0   0   2   0   0   0   1   0  86   0]
 [ 17   0   0   1   0   0   0   0   0   1   0   1   9]]
Epoch 2:
[[823  22   2  53   1   3   0   0  59   5   1   3  14]
 [ 24  21   1  12   0   1   0   0   9   0   0   1   1]
 [ 12  23   2   1   0   0   0   0   0   0   0   0   0]
 [ 83   8   0 456   7   5   0   0   6   0   8   2   6]
 [  9   0   0   5  35   1   0   0   1   0   0   0   0]
 [  7   0   2   3   0 170   1   0   5   0   0   4   0]
 [  7   0   0  10   0  36 451   0   2   0   0   1   2]
 [  6   1   0   0   0   0   0   0   5   0   0   0   0]
 [ 44   1   0   7   0   0   0   0  88   0   1   1   0]
 [ 37   0   0   1   0   0   0   0   3  17   0  14   0]
 [ 32   0   0  52   1   0   0   0  13   0  12   6   0]
 [  7   0   0   0   0   3   0   0   0   7   0  75   0]
 [  8   0   0   1   0   0   0   0   1   0   0   1  18]]
Epoch 3:
[[899  15   2  30   2   2   0   0  21  13   0   1   1]
 [ 40  20   0   6   0   0   0   0   2   0   0   1   1]
 [ 12  22   2   2   0   0   0   0   0   0   0   0   0]
 [100  13   1 445   7   5   0   0   2   0   5   0   3]
 [  8   0   0   6  37   0   0   0   0   0   0   0   0]
 [ 10   1   2   4   1 164   4   0   2   0   0   4   0]
 [  2   0   0  11   0  15 480   0   0   0   0   1   0]
 [ 11   1   0   0   0   0   0   0   0   0   0   0   0]
 [ 77   2   0   7   1   0   0   0  52   0   2   1   0]
 [ 40   0   0   2   0   0   0   0   0  26   0   4   0]
 [ 41   0   0  56   1   0   0   0  10   0   6   2   0]
 [  6   0   0   0   0   3   0   0   0  10   0  73   0]
 [ 17   0   0   0   0   0   0   0   0   0   0   1  11]]
Epoch 4:
[[856  11   3  58   4   1   4   0  24  19   3   1   2]
 [ 37  15   1  11   0   0   0   0   4   0   0   1   1]
 [ 13  19   4   2   0   0   0   0   0   0   0   0   0]
 [ 70   2   1 474   6   2   0   0   4   0  17   0   5]
 [  7   0   0   5  39   0   0   0   0   0   0   0   0]
 [  8   0   2   5   1 160   6   0   3   0   1   6   0]
 [  0   0   0  10   0   7 492   0   0   0   0   0   0]
 [ 10   1   0   0   0   0   0   0   1   0   0   0   0]
 [ 62   2   0   6   0   0   0   0  67   0   4   1   0]
 [ 36   0   0   2   0   0   0   0   0  26   0   8   0]
 [ 34   0   0  50   1   0   0   0  11   0  19   1   0]
 [  5   0   0   0   0   3   0   0   0   8   0  76   0]
 [ 12   0   0   1   0   0   0   0   0   0   0   1  15]]

Scores
------
Epoch: 1
             Train loss  Test loss  P (micro)  R (micro)  F1 (micro)  P (weighted)  R (weighted)  F1 (weighted)
Iteration 0    1.217957   0.954999   0.710381   0.710381    0.710381      0.730604      0.710381       0.670680
Iteration 1    1.199128   0.846908   0.730450   0.730450    0.730450      0.722579      0.730450       0.707751
Iteration 2    1.234695   0.907657   0.740484   0.740484    0.740484      0.735230      0.740484       0.715348
Iteration 3    1.214789   0.849717   0.728374   0.728374    0.728374      0.707760      0.728374       0.699254

Epoch: 2
             Train loss  Test loss  P (micro)  R (micro)  F1 (micro)  P (weighted)  R (weighted)  F1 (weighted)
Iteration 0    0.855677   0.788650   0.759862   0.759862    0.759862      0.736875      0.759862       0.733815
Iteration 1    0.870080   0.752955   0.762630   0.762630    0.762630      0.738455      0.762630       0.744134
Iteration 2    0.863717   0.787745   0.757439   0.757439    0.757439      0.752336      0.757439       0.751069
Iteration 3    0.859659   0.780977   0.750173   0.750173    0.750173      0.745353      0.750173       0.736162

Epoch: 3
             Train loss  Test loss  P (micro)  R (micro)  F1 (micro)  P (weighted)  R (weighted)  F1 (weighted)
Iteration 0    0.765497   0.753590   0.766782   0.766782    0.766782      0.753952      0.766782       0.756655
Iteration 1    0.772984   0.776573   0.756747   0.756747    0.756747      0.760257      0.756747       0.755810
Iteration 2    0.766391   0.775669   0.767820   0.767820    0.767820      0.746822      0.767820       0.743003
Iteration 3    0.761473   0.785789   0.766436   0.766436    0.766436      0.749780      0.766436       0.744055

Epoch: 4
             Train loss  Test loss  P (micro)  R (micro)  F1 (micro)  P (weighted)  R (weighted)  F1 (weighted)
Iteration 0    0.682197   0.765241   0.766782   0.766782    0.766782      0.749701      0.766782       0.751603
Iteration 1    0.691289   0.759075   0.768512   0.768512    0.768512      0.754260      0.768512       0.754935
Iteration 2    0.684785   0.764372   0.778201   0.778201    0.778201      0.761267      0.778201       0.762311
Iteration 3    0.685648   0.757667   0.776125   0.776125    0.776125      0.756711      0.776125       0.760257

