RESULTS REPORT
Model: RoBERTa
Encoder: roberta-base
Chunk layout: VanBerg
Evaluation: test set (4 random seeds)
Train scheme: fine-tuning
Max sequence length: 487
Max sentence length: 80
Max sentences per chunk: 2
Window length: 2
Batch size: 4
Dropout rate: 0.1
Learning rate: 1e-05
Adam Epsilon: 1e-08
Use MLP: False
Weight decay: 0.001
Train time: 04h52m32s
GPU name: NVIDIA GeForce GTX 1080 Ti
GPU memory: 10.92

Averages:
Epoch Train loss    std    Test loss    std    P (micro)  P std  R (micro)  R std  F1 (micro)  F1 std P (weighted)  P std  R (weighted)  R std  F1 (weighted)  F1 std
   1   1.099497   0.009829  0.908938  0.024395   0.7202   0.0059   0.7202   0.0059   0.7202    0.0059    0.7105     0.0108    0.7202     0.0059     0.6910     0.0055
   2   0.962422   0.004612  0.995190  0.063243   0.6909   0.0016   0.6909   0.0016   0.6909    0.0016    0.6791     0.0089    0.6909     0.0016     0.6686     0.0117
   3   0.949319   0.001563  0.963540  0.014343   0.7030   0.0066   0.7030   0.0066   0.7030    0.0066    0.6850     0.0080    0.7030     0.0066     0.6779     0.0040
   4   0.909961   0.001999  0.942155  0.015921   0.7065   0.0033   0.7065   0.0033   0.7065    0.0033    0.6822     0.0056    0.7065     0.0033     0.6837     0.0027

*** Detailed report ***

Confusion matrices
------------------
ANALYSIS: 0 
ARG_PETITIONER: 1 
ARG_RESPONDENT: 2 
FAC: 3 
ISSUE: 4 
NONE: 5 
PREAMBLE: 6 
PRE_NOT_RELIED: 7 
PRE_RELIED: 8 
RATIO: 9 
RLC: 10 
RPC: 11 
STA: 12 
=> Iteration 0:
Epoch 1:
[[773  36   0 127   4   2   1   0  33   5   0   5   0]
 [ 25  17   0  23   0   0   0   0   5   0   0   0   0]
 [ 17  18   0   2   1   0   0   0   0   0   0   0   0]
 [ 53  13   0 496   3   7   0   0   0   0   0   3   6]
 [  9   0   0  11  29   2   0   0   0   0   0   0   0]
 [  9   0   0  12   1 144   8   0   1   1   1  15   0]
 [ 13   0   0  21   0  20 446   0   8   0   0   1   0]
 [  9   2   0   0   0   0   0   0   1   0   0   0   0]
 [ 67   7   0  12   0   0   0   0  54   0   1   1   0]
 [ 44   0   0   2   0   0   0   0   0   8   0  18   0]
 [ 40   1   0  62   0   3   0   0   2   0   8   0   0]
 [  7   0   0   0   0   7   0   0   0   6   0  72   0]
 [ 21   0   0   1   0   0   0   0   1   0   0   1   5]]
Epoch 2:
[[924   7   1  30   4   0   3   0  16   1   0   0   0]
 [ 55   4   1   4   1   0   0   0   5   0   0   0   0]
 [ 31   5   0   1   1   0   0   0   0   0   0   0   0]
 [184   2   0 381   6   1   2   0   1   0   2   2   0]
 [ 14   0   0   8  29   0   0   0   0   0   0   0   0]
 [ 18   0   0  35   1  90  30   0   1   1   2  14   0]
 [  9   0   0  23   0   4 473   0   0   0   0   0   0]
 [ 11   1   0   0   0   0   0   0   0   0   0   0   0]
 [106   0   0   2   0   0   0   0  33   1   0   0   0]
 [ 59   0   0   1   0   0   0   0   0   7   0   5   0]
 [ 56   0   0  56   0   0   0   0   2   0   2   0   0]
 [ 23   0   0   3   0   3   0   0   0   7   0  56   0]
 [ 28   0   0   1   0   0   0   0   0   0   0   0   0]]
Epoch 3:
[[813  39   7  64   7   0  15   0  27   3   2   8   1]
 [ 33  22   1   5   3   0   0   0   4   0   2   0   0]
 [ 12  22   2   1   1   0   0   0   0   0   0   0   0]
 [100  16   6 386  11   6  17   0   2   0  25   6   6]
 [ 11   0   0   7  31   1   1   0   0   0   0   0   0]
 [  7   1   0  13   2 121  24   0   1   0   4  19   0]
 [  1   0   0  16   0   8 481   0   0   0   3   0   0]
 [ 10   2   0   0   0   0   0   0   0   0   0   0   0]
 [ 87   4   0   2   0   0  11   0  32   1   5   0   0]
 [ 41   2   0   2   0   0   0   0   1   5   0  21   0]
 [ 47   0   0  35   1   0   1   0   3   1  28   0   0]
 [  7   0   0   0   0   5   0   0   0   5   0  75   0]
 [ 22   2   0   1   0   0   0   0   0   0   0   1   3]]
Epoch 4:
[[800  34   2  80   7   1   9   0  35   4   1  10   3]
 [ 37  18   0   6   1   1   0   0   7   0   0   0   0]
 [ 15  21   0   1   1   0   0   0   0   0   0   0   0]
 [ 95  13   1 410   9  17  11   0   3   1   5  10   6]
 [ 11   0   0   4  32   3   0   0   0   0   0   0   1]
 [  7   1   0   5   2 141  13   0   1   0   2  20   0]
 [  1   0   0  17   0  15 473   0   2   0   1   0   0]
 [  9   2   0   0   0   0   0   0   1   0   0   0   0]
 [ 68   2   0   3   0   1   8   0  54   1   5   0   0]
 [ 41   1   0   2   0   0   0   0   3   5   0  20   0]
 [ 43   0   0  46   1   6   0   0   5   1  13   1   0]
 [  5   0   0   0   0   5   0   0   1   4   0  77   0]
 [ 22   0   0   1   0   0   0   0   0   0   0   1   5]]
=> Iteration 1:
Epoch 1:
[[920  23   0  22   3   1   1   0   2   7   3   4   0]
 [ 53  11   2   3   0   0   0   0   0   0   1   0   0]
 [ 20  15   1   1   1   0   0   0   0   0   0   0   0]
 [167   4   0 381   6   2   2   0   0   0  16   3   0]
 [ 12   0   0  10  28   1   0   0   0   0   0   0   0]
 [ 13   0   0  14   1 126  16   0   0   1   2  19   0]
 [  3   0   0  13   0   7 485   0   0   0   0   1   0]
 [ 10   2   0   0   0   0   0   0   0   0   0   0   0]
 [117   3   0   0   0   0   0   0  21   0   0   1   0]
 [ 39   0   0   0   0   0   0   0   0  12   0  21   0]
 [ 55   0   0  32   0   0   1   0   0   0  28   0   0]
 [  5   0   0   0   0   4   0   0   0   6   0  77   0]
 [ 25   1   0   1   0   0   1   0   0   0   0   1   0]]
Epoch 2:
[[732  38   0 141   3   1   2   0  30  15   0  17   7]
 [ 21  18   0  22   2   0   0   0   7   0   0   0   0]
 [ 10  25   0   2   1   0   0   0   0   0   0   0   0]
 [ 63   9   0 476   3  11   1   0   1   0   3   8   6]
 [  7   0   0  15  26   2   0   0   0   0   0   0   1]
 [  3   0   0  18   0 137   6   0   1   0   1  26   0]
 [ 10   0   0  17   0  28 450   0   2   0   0   1   1]
 [  8   3   0   0   0   0   0   0   1   0   0   0   0]
 [ 69   2   0  13   0   0   0   0  55   0   2   1   0]
 [ 28   1   0   3   0   0   0   0   0  13   0  27   0]
 [ 36   0   0  66   0   2   1   0   5   2   2   2   0]
 [  2   0   0   0   0   2   0   0   0   5   0  83   0]
 [ 15   1   0   1   0   0   0   0   0   0   0   1  11]]
Epoch 3:
[[793   9   0 123   8   1   4   0  35   2   0   9   2]
 [ 36   8   1  15   3   0   0   0   7   0   0   0   0]
 [ 25   9   1   2   1   0   0   0   0   0   0   0   0]
 [ 75   3   0 457  10  11   2   0   2   0   7   8   6]
 [ 10   0   0   8  31   2   0   0   0   0   0   0   0]
 [  5   1   0  13   2 146   6   0   1   0   2  16   0]
 [  1   0   0  20   0  25 461   0   2   0   0   0   0]
 [ 10   1   0   0   0   0   0   0   1   0   0   0   0]
 [ 72   0   0   9   0   0   0   0  56   1   4   0   0]
 [ 43   0   0   2   0   0   0   0   1   5   0  21   0]
 [ 43   0   0  55   1   2   0   0   6   0   9   0   0]
 [  8   0   0   0   0  12   0   0   0   3   0  69   0]
 [ 23   0   0   1   0   0   0   0   0   0   0   1   4]]
Epoch 4:
[[817  33   0  65   7   1  13   0  35   4   1   8   2]
 [ 40  15   1   4   2   0   0   0   7   0   1   0   0]
 [ 12  23   0   2   1   0   0   0   0   0   0   0   0]
 [ 96  12   1 411  10  10  11   0   3   0  10  11   6]
 [ 12   0   0   5  31   2   1   0   0   0   0   0   0]
 [  6   1   0   8   2 135  17   0   1   0   2  20   0]
 [  2   0   0  15   0  12 480   0   0   0   0   0   0]
 [  9   2   0   0   0   0   1   0   0   0   0   0   0]
 [ 71   2   0   2   0   0   5   0  58   1   3   0   0]
 [ 43   1   0   2   0   0   0   0   2   5   0  19   0]
 [ 45   0   0  45   1   3   1   0   7   0  12   2   0]
 [  8   0   0   0   0   6   0   0   0   7   0  71   0]
 [ 23   0   0   1   0   0   0   0   0   0   0   1   4]]
=> Iteration 2:
Epoch 1:
[[917  18   0  31   4   1   0   0   5   3   0   7   0]
 [ 50  15   0   4   1   0   0   0   0   0   0   0   0]
 [ 20  16   0   1   1   0   0   0   0   0   0   0   0]
 [137   7   0 421   7   2   1   0   0   0   3   3   0]
 [ 12   0   0   8  31   0   0   0   0   0   0   0   0]
 [ 12   0   0  16   1 130  13   0   1   0   0  19   0]
 [ 12   0   0  20   0  10 467   0   0   0   0   0   0]
 [ 10   2   0   0   0   0   0   0   0   0   0   0   0]
 [112   0   0   2   0   0   0   0  27   0   0   1   0]
 [ 48   0   0   0   0   0   0   0   0   2   0  22   0]
 [ 60   0   0  51   0   0   1   0   0   0   4   0   0]
 [  7   0   0   0   0   3   1   0   0   0   0  81   0]
 [ 27   0   0   1   0   0   0   0   0   0   0   1   0]]
Epoch 2:
[[789  45   0  56   6   1   3   0  63   2   0  15   6]
 [ 29  24   0   5   3   0   0   0   9   0   0   0   0]
 [ 14  22   0   1   1   0   0   0   0   0   0   0   0]
 [121  19   0 373  10  12   8   0   3   0   8  21   6]
 [ 10   0   0   5  32   2   0   0   0   0   0   0   2]
 [  7   1   0   4   2 124  13   0   2   0   2  37   0]
 [  4   0   0  15   0  17 464   0   6   0   0   3   0]
 [  7   2   0   0   0   0   0   0   3   0   0   0   0]
 [ 56   2   0   2   0   0   0   0  81   0   0   1   0]
 [ 40   1   0   2   0   0   0   0   4   1   0  24   0]
 [ 46   0   0  40   0   4   1   0   7   0  11   7   0]
 [  6   0   0   0   0   0   0   0   2   2   0  82   0]
 [ 13   0   0   1   0   0   0   0   4   0   0   1  10]]
Epoch 3:
[[858  24   0  52   7   1   5   0  29   0   0   6   4]
 [ 48  14   0   4   3   0   0   0   1   0   0   0   0]
 [ 24  12   0   1   1   0   0   0   0   0   0   0   0]
 [128  12   0 388  12  12  12   0   1   0   2   7   7]
 [ 10   0   0   6  32   1   1   0   0   0   0   0   1]
 [ 11   0   0   6   2 145  12   0   1   0   1  14   0]
 [  3   0   0  13   0  11 480   0   2   0   0   0   0]
 [ 10   2   0   0   0   0   0   0   0   0   0   0   0]
 [ 84   1   0   0   0   0   1   0  55   1   0   0   0]
 [ 51   0   0   2   0   2   0   0   0   3   0  14   0]
 [ 53   0   0  47   2   3   1   0   6   0   4   0   0]
 [ 13   0   0   0   0  14   0   0   0   4   0  61   0]
 [ 24   0   0   1   0   0   0   0   0   0   0   0   4]]
Epoch 4:
[[815  25   0  84   7   1  11   0  30   4   0   6   3]
 [ 41  14   0   4   3   0   0   0   7   0   1   0   0]
 [ 19  17   0   1   1   0   0   0   0   0   0   0   0]
 [ 93  12   1 420   8  11  10   0   2   0   9   9   6]
 [  9   0   0   6  31   2   2   0   0   0   0   0   1]
 [  7   1   0   9   2 142  11   0   1   0   1  18   0]
 [  1   0   0  15   0  11 480   0   2   0   0   0   0]
 [  9   2   0   0   0   0   0   0   1   0   0   0   0]
 [ 80   1   0   2   0   0   4   0  51   1   3   0   0]
 [ 46   1   0   2   0   0   0   0   1   4   0  18   0]
 [ 46   0   0  45   1   3   1   0   7   0  13   0   0]
 [  6   0   0   0   0   6   0   0   1   7   0  72   0]
 [ 23   1   0   1   0   0   0   0   0   0   0   0   4]]
=> Iteration 3:
Epoch 1:
[[823  21   1  48   6  12   3   0  44  11   0   4  13]
 [ 29  16   1  10   3   2   0   0   8   0   0   0   1]
 [ 22  14   0   1   1   0   0   0   0   0   0   0   0]
 [ 93   9   0 405  22  20  14   0   4   2   4   2   6]
 [  8   0   0   4  35   2   0   0   0   0   0   0   2]
 [  6   0   0   2   2 135  28   0   3   1   0  15   0]
 [  0   0   0   0   0   6 502   0   0   0   0   1   0]
 [  9   1   0   0   0   0   0   0   2   0   0   0   0]
 [ 70   0   0   1   0   0   0   0  70   1   0   0   0]
 [ 39   0   0   0   0   1   0   0   0  16   0  16   0]
 [ 46   1   0  50   1   3   4   0   7   0   3   1   0]
 [  6   0   0   0   0   5   0   0   0  11   0  70   0]
 [ 12   0   0   1   0   0   0   0   1   0   0   1  14]]
Epoch 2:
[[737  44   0  68  10   5   8   0  98   5   1   4   6]
 [ 20  27   0   4   3   2   0   0  14   0   0   0   0]
 [ 13  22   0   2   1   0   0   0   0   0   0   0   0]
 [ 94  19   1 360  16  35  18   0  12   0  17   5   4]
 [  8   0   0   2  33   6   0   0   0   0   0   0   2]
 [  5   1   0   4   2 157  10   0   3   1   1   8   0]
 [  0   0   0   1   1  11 496   0   0   0   0   0   0]
 [  4   2   0   0   0   0   1   0   5   0   0   0   0]
 [ 40   3   0   1   0   2   0   0  95   1   0   0   0]
 [ 36   2   0   0   0   1   0   0   8   7   0  18   0]
 [ 42   1   0  27   2  15   2   0  10   0  17   0   0]
 [  5   0   0   0   0  20   0   0   3   6   0  58   0]
 [ 10   2   0   1   0   0   1   0   7   0   0   1   7]]
Epoch 3:
[[853  32   3  53  11   1   3   0  20   3   0   4   3]
 [ 40  20   0   3   3   0   0   0   3   0   1   0   0]
 [ 13  20   2   2   1   0   0   0   0   0   0   0   0]
 [124  15   2 397  17   6   4   0   1   0   3   6   6]
 [ 11   0   0   3  37   0   0   0   0   0   0   0   0]
 [ 11   3   0  18   4 125  10   0   1   1   2  17   0]
 [  3   0   0  20   0  13 473   0   0   0   0   0   0]
 [ 10   2   0   0   0   0   0   0   0   0   0   0   0]
 [ 90   1   0   0   0   0   0   0  48   1   2   0   0]
 [ 50   2   0   1   0   0   0   0   0   6   0  13   0]
 [ 53   1   0  50   2   0   0   0   3   0   7   0   0]
 [ 11   0   0   0   0   5   0   0   0   5   0  71   0]
 [ 23   0   0   1   0   0   0   0   0   0   0   0   5]]
Epoch 4:
[[819  29   0  73   7   1  10   0  34   4   1   7   1]
 [ 36  19   0   6   3   0   0   0   5   0   0   1   0]
 [ 16  18   1   2   1   0   0   0   0   0   0   0   0]
 [103   9   1 416   9  11  10   0   1   0   8   9   4]
 [ 11   0   0   6  31   3   0   0   0   0   0   0   0]
 [  8   1   0   9   2 134  18   0   1   1   1  17   0]
 [  1   0   0  17   0  10 480   0   1   0   0   0   0]
 [  9   2   0   0   0   0   1   0   0   0   0   0   0]
 [ 75   1   0   2   0   0   0   0  59   1   4   0   0]
 [ 41   1   0   2   0   0   0   0   2   6   0  20   0]
 [ 44   0   0  46   2   2   2   0   5   0  12   3   0]
 [  5   0   0   0   0   6   0   0   1   7   0  73   0]
 [ 21   1   0   1   0   0   0   0   1   0   0   1   4]]

Scores
------
Epoch: 1
             Train loss  Test loss  P (micro)  R (micro)  F1 (micro)  P (weighted)  R (weighted)  F1 (weighted)
Iteration 0    1.102233   0.950927   0.710035   0.710035    0.710035      0.706156      0.710035       0.687873
Iteration 1    1.098632   0.894873   0.723183   0.723183    0.723183      0.726594      0.723183       0.692544
Iteration 2    1.112281   0.898824   0.724913   0.724913    0.724913      0.712416      0.724913       0.684534
Iteration 3    1.084841   0.891126   0.722837   0.722837    0.722837      0.696766      0.722837       0.699126

Epoch: 2
             Train loss  Test loss  P (micro)  R (micro)  F1 (micro)  P (weighted)  R (weighted)  F1 (weighted)
Iteration 0    0.959532   1.101859   0.691696   0.691696    0.691696      0.665248      0.691696       0.648638
Iteration 1    0.963546   0.949923   0.693080   0.693080    0.693080      0.677963      0.693080       0.674255
Iteration 2    0.969384   0.983010   0.688927   0.688927    0.688927      0.684063      0.688927       0.672551
Iteration 3    0.957226   0.945966   0.689965   0.689965    0.689965      0.689207      0.689965       0.678765

Epoch: 3
             Train loss  Test loss  P (micro)  R (micro)  F1 (micro)  P (weighted)  R (weighted)  F1 (weighted)
Iteration 0    0.948841   0.985303   0.691696   0.691696    0.691696      0.674488      0.691696       0.672562
Iteration 1    0.947900   0.954426   0.705882   0.705882    0.705882      0.683400      0.705882       0.678907
Iteration 2    0.951960   0.966862   0.707266   0.707266    0.707266      0.685422      0.707266       0.676459
Iteration 3    0.948576   0.947567   0.707266   0.707266    0.707266      0.696832      0.707266       0.683534

Epoch: 4
             Train loss  Test loss  P (micro)  R (micro)  F1 (micro)  P (weighted)  R (weighted)  F1 (weighted)
Iteration 0    0.908552   0.963389   0.701730   0.701730    0.701730      0.678419      0.701730       0.680369
Iteration 1    0.912795   0.933065   0.705536   0.705536    0.705536      0.679688      0.705536       0.683238
Iteration 2    0.907676   0.950342   0.707958   0.707958    0.707958      0.678821      0.707958       0.683501
Iteration 3    0.910822   0.921824   0.710727   0.710727    0.710727      0.691921      0.710727       0.687867

