RESULTS REPORT
Model: Longformer
Encoder: allenai/longformer-base-4096
Chunk layout: VanBerg
Evaluation: test set (4 random seeds)
Train scheme: fine-tuning
Max sequence length: 1119
Max sentence length: 85
Max sentences per chunk: 9
Window length: 2
Batch size: 2
Dropout rate: 0.1
Learning rate: 2e-05
Adam Epsilon: 1e-08
Use MLP: False
Weight decay: 0.001
Train time: 08h55m11s
GPU name: NVIDIA GeForce GTX 1080 Ti
GPU memory: 10.92

Averages:
Epoch Train loss    std    Test loss    std    P (micro)  P std  R (micro)  R std  F1 (micro)  F1 std P (weighted)  P std  R (weighted)  R std  F1 (weighted)  F1 std
   1   1.413298   0.024353  1.125656  0.122687   0.6534   0.0272   0.6534   0.0272   0.6534    0.0272    0.6336     0.0321    0.6534     0.0272     0.6014     0.0266
   2   1.171645   0.011998  1.082239  0.044955   0.6606   0.0157   0.6606   0.0157   0.6606    0.0157    0.6057     0.0275    0.6606     0.0157     0.6187     0.0221
   3   1.085984   0.008244  1.007941  0.012751   0.6789   0.0038   0.6789   0.0038   0.6789    0.0038    0.6485     0.0219    0.6789     0.0038     0.6468     0.0126
   4   0.992300   0.004002  1.012743  0.036098   0.6847   0.0088   0.6847   0.0088   0.6847    0.0088    0.6577     0.0074    0.6847     0.0088     0.6537     0.0103

*** Detailed report ***

Confusion matrices
------------------
ANALYSIS: 0 
ARG_PETITIONER: 1 
ARG_RESPONDENT: 2 
FAC: 3 
ISSUE: 4 
NONE: 5 
PREAMBLE: 6 
PRE_NOT_RELIED: 7 
PRE_RELIED: 8 
RATIO: 9 
RLC: 10 
RPC: 11 
STA: 12 
=> Iteration 0:
Epoch 1:
[[861  42   6  71   0   0   1   0   0   0   0   5   0]
 [ 34  19   0  17   0   0   0   0   0   0   0   0   0]
 [ 13  19   4   2   0   0   0   0   0   0   0   0   0]
 [ 72  12   1 492   0   0   4   0   0   0   0   0   0]
 [ 12   1   1  37   0   0   0   0   0   0   0   0   0]
 [ 31   3   0  78   0  25  42   0   0   0   0  13   0]
 [  5   0   0  39   0   0 465   0   0   0   0   0   0]
 [ 10   2   0   0   0   0   0   0   0   0   0   0   0]
 [130   6   0   5   0   0   0   0   0   0   0   1   0]
 [ 64   1   0   1   0   0   0   0   0   0   0   6   0]
 [ 42   2   0  71   0   0   1   0   0   0   0   0   0]
 [ 44   1   0   3   0   1   0   0   0   0   0  43   0]
 [ 27   1   0   1   0   0   0   0   0   0   0   0   0]]
Epoch 2:
[[832  18   8  49  32   0   1   0  25   7   0  12   2]
 [ 42   7   2   6  10   0   0   0   2   0   0   0   1]
 [ 18  12   6   1   1   0   0   0   0   0   0   0   0]
 [ 87  10   2 406  30  19  14   0   2   0   0   3   8]
 [  8   0   0  10  31   0   1   0   0   0   0   0   1]
 [  8   0   1  19   6  88  45   0   3   1   0  21   0]
 [  4   0   0   4   1   7 493   0   0   0   0   0   0]
 [  7   2   0   0   0   0   0   0   0   0   0   3   0]
 [ 99   2   0   2   0   1   0   0  36   1   0   1   0]
 [ 33   0   0   1   4   2   0   0   0   3   0  29   0]
 [ 37   0   0  59   7   0   3   0   8   0   0   2   0]
 [ 13   0   0   0   1   7   0   0   0   1   0  70   0]
 [ 20   0   0   1   1   1   0   0   2   0   0   0   4]]
Epoch 3:
[[797   7   0  40   7   0   1   0 106  13   1  14   0]
 [ 32   7   0   9   2   0   0   0  17   0   2   0   1]
 [ 25  11   0   1   1   0   0   0   0   0   0   0   0]
 [119   5   0 419  15   3   4   0   4   0   4   3   5]
 [ 10   0   0  16  25   0   0   0   0   0   0   0   0]
 [ 12   0   0  31   1  80  37   0   3   1   1  26   0]
 [  0   0   0  17   0   8 479   0   5   0   0   0   0]
 [  0   1   0   0   0   0   0   0  11   0   0   0   0]
 [ 60   1   0   1   0   0   0   0  77   2   0   1   0]
 [ 32   0   0   0   0   0   0   0   2   9   0  29   0]
 [ 52   0   0  39   4   0   0   0  15   0   4   2   0]
 [ 11   0   0   1   0   6   0   0   1   2   0  71   0]
 [ 19   0   0   1   0   0   0   0   7   0   0   1   1]]
Epoch 4:
[[862  22   1  32  11   0   4   0  31   3   3  17   0]
 [ 46  11   1   2   5   2   0   0   0   0   2   0   1]
 [ 20  16   0   1   1   0   0   0   0   0   0   0   0]
 [ 97  16   0 398  19  20   7   0   0   1  11  10   2]
 [  9   0   0  11  27   2   1   0   0   0   1   0   0]
 [  9   0   0  13   2 101  34   0   3   2   0  28   0]
 [  0   0   0  10   0   8 491   0   0   0   0   0   0]
 [  6   2   0   0   0   0   0   0   3   0   0   1   0]
 [ 99   1   0   1   0   0   2   0  34   1   0   4   0]
 [ 37   0   0   0   0   0   0   0   0   6   0  29   0]
 [ 48   1   0  37   5  10   1   0   0   0  11   3   0]
 [ 13   0   0   0   0   7   0   0   0   2   0  70   0]
 [ 26   0   0   1   0   0   0   0   0   0   0   1   1]]
=> Iteration 1:
Epoch 1:
[[826   0   0 115  12   0   1   0   0   0   0  30   2]
 [ 40   2   0  17   9   0   0   0   0   0   1   0   1]
 [ 31   1   0   5   1   0   0   0   0   0   0   0   0]
 [ 80   0   0 464  15   6   9   0   0   0   6   1   0]
 [ 10   0   0  13  26   0   1   0   0   0   0   0   1]
 [ 15   0   0  23   3  77  42   0   0   0   9  23   0]
 [  1   0   0  26   0   5 476   0   0   0   1   0   0]
 [  7   0   0   2   0   0   0   0   0   0   0   3   0]
 [124   0   0  10   0   0   0   0   3   0   0   5   0]
 [ 38   0   0   1   0   0   0   0   0   0   0  33   0]
 [ 48   0   0  55   4   0   1   0   0   0   8   0   0]
 [ 16   0   0   3   0   3   0   0   0   0   0  70   0]
 [ 23   0   0   3   0   0   0   0   0   0   0   1   2]]
Epoch 2:
[[709  52   0 188   9   2   4   0   2  15   0   5   0]
 [ 28  14   0  20   6   1   1   0   0   0   0   0   0]
 [ 14  20   0   3   1   0   0   0   0   0   0   0   0]
 [ 35  11   0 479  13  29  10   0   0   2   0   2   0]
 [  7   0   0  14  24   5   1   0   0   0   0   0   0]
 [ 11   0   0  24   2 116  25   0   0   1   0  13   0]
 [  1   0   0  21   0  16 471   0   0   0   0   0   0]
 [ 10   2   0   0   0   0   0   0   0   0   0   0   0]
 [121   6   0  10   0   3   0   0   0   1   0   1   0]
 [ 33   0   0   7   0   5   0   0   0   8   0  19   0]
 [ 29   2   0  67   5  10   2   0   0   0   0   1   0]
 [ 10   0   0   6   0  19   0   0   0   8   0  49   0]
 [ 23   1   0   4   0   1   0   0   0   0   0   0   0]]
Epoch 3:
[[822  66   1  42   6   2   6   0  23   7   0   8   3]
 [ 34  25   0   7   2   1   0   0   0   0   0   0   1]
 [ 14  22   0   1   1   0   0   0   0   0   0   0   0]
 [ 86  17   1 414  19  19  15   0   0   1   1   8   0]
 [  8   0   0  14  26   0   1   0   0   1   0   0   1]
 [ 15   0   0  20   2 102  31   0   1   0   0  21   0]
 [  0   0   0  12   0  13 484   0   0   0   0   0   0]
 [  4   3   0   0   0   0   0   0   3   2   0   0   0]
 [111   2   0   1   0   2   0   0  19   2   1   3   1]
 [ 37   0   0   1   0   2   0   0   0   7   0  25   0]
 [ 33   2   0  60   5   9   2   0   0   0   4   1   0]
 [  8   0   0   1   0  10   0   0   0   5   0  68   0]
 [ 23   0   0   1   0   0   0   0   0   0   0   1   4]]
Epoch 4:
[[845  29   2  31   6   1   6   0  40  12   1  13   0]
 [ 50   9   1   1   4   2   0   0   1   0   2   0   0]
 [ 23  13   0   1   1   0   0   0   0   0   0   0   0]
 [113  12   0 375  21  19  18   0   0   0   7  16   0]
 [  9   0   0   8  28   3   1   0   0   0   1   1   0]
 [ 13   0   0  18   2  98  34   0   3   0   0  24   0]
 [  0   0   0  14   0  12 483   0   0   0   0   0   0]
 [  7   2   0   0   0   0   0   0   3   0   0   0   0]
 [ 94   1   0   1   0   0   0   0  39   1   0   6   0]
 [ 39   0   0   1   0   1   0   0   1   5   0  25   0]
 [ 54   0   0  40   4   4   2   0   0   0   5   7   0]
 [ 12   0   0   0   0   8   0   0   0   4   0  68   0]
 [ 27   0   0   0   0   0   0   0   0   0   0   1   1]]
=> Iteration 2:
Epoch 1:
[[932   9   0   4   2   5   1   0   0   2   0  31   0]
 [ 53   8   0   5   0   4   0   0   0   0   0   0   0]
 [ 25  11   0   0   1   1   0   0   0   0   0   0   0]
 [218  12   0 229   2  86   4   0   0   1  12  17   0]
 [ 16   1   0   6  17  11   0   0   0   0   0   0   0]
 [ 21   0   0   0   2 105  22   0   0   3   0  39   0]
 [ 41   0   0   2   0  79 383   0   0   0   0   4   0]
 [  9   0   0   0   0   0   0   0   0   0   0   3   0]
 [137   0   0   0   0   0   0   0   0   1   0   4   0]
 [ 37   0   0   0   0   0   0   0   0   4   0  31   0]
 [ 71   0   0   4   0  21   1   0   0   0   3  16   0]
 [ 17   0   0   0   0   0   0   0   0   1   0  74   0]
 [ 28   0   0   0   0   0   0   0   0   0   0   1   0]]
Epoch 2:
[[916   8   0  37   8   2   0   0   0   0   0  15   0]
 [ 52   4   0  10   4   0   0   0   0   0   0   0   0]
 [ 27   9   0   1   1   0   0   0   0   0   0   0   0]
 [139   4   0 413  18   3   0   0   0   0   0   4   0]
 [ 17   0   0  11  23   0   0   0   0   0   0   0   0]
 [ 23   0   0  41   2 101   1   0   0   0   0  24   0]
 [ 27   0   0  84   0  57 341   0   0   0   0   0   0]
 [ 11   1   0   0   0   0   0   0   0   0   0   0   0]
 [137   1   0   1   0   0   0   0   0   0   0   3   0]
 [ 43   0   0   1   0   0   0   0   0   0   0  28   0]
 [ 66   0   0  41   4   1   0   0   0   0   0   4   0]
 [ 21   0   0   1   0   3   0   0   0   0   0  67   0]
 [ 27   0   0   1   0   0   0   0   0   0   0   1   0]]
Epoch 3:
[[887  38   0  29   3   1   6   0   5   1   0  16   0]
 [ 54  10   0   4   0   2   0   0   0   0   0   0   0]
 [ 19  17   0   1   1   0   0   0   0   0   0   0   0]
 [119  26   0 380  13  23  19   0   0   0   0   1   0]
 [ 18   0   0   8  21   3   1   0   0   0   0   0   0]
 [ 20   2   0   9   1  99  45   0   0   2   0  14   0]
 [  0   0   0   7   0  18 484   0   0   0   0   0   0]
 [ 10   2   0   0   0   0   0   0   0   0   0   0   0]
 [134   1   0   1   0   3   0   0   1   1   0   1   0]
 [ 39   1   0   0   0   2   0   0   0   3   0  27   0]
 [ 59   2   0  38   4  11   1   0   0   0   0   1   0]
 [ 16   1   0   0   0  13   0   0   0   1   0  61   0]
 [ 27   1   0   0   0   0   0   0   0   0   0   1   0]]
Epoch 4:
[[848  22   4  35  13   0  10   0  34   8   0  11   1]
 [ 43   9   1   7   7   1   0   0   2   0   0   0   0]
 [ 22  12   2   1   1   0   0   0   0   0   0   0   0]
 [106  16   0 402  20  13  18   0   1   0   2   2   1]
 [  9   0   0  12  26   3   1   0   0   0   0   0   0]
 [ 16   1   0  18   4  78  48   0   2   3   1  21   0]
 [  0   0   0  16   0  10 483   0   0   0   0   0   0]
 [  6   2   0   0   0   0   0   0   3   1   0   0   0]
 [109   1   0   1   0   2   0   0  26   1   0   2   0]
 [ 39   1   0   0   0   0   0   0   0  10   0  22   0]
 [ 57   0   0  37   4   3   2   0   5   0   3   5   0]
 [ 18   1   0   0   0   7   0   0   0   3   0  63   0]
 [ 26   0   0   0   0   0   0   0   0   0   0   1   2]]
=> Iteration 3:
Epoch 1:
[[886  13   3  47   4   2   0   0   0   4   0  18   9]
 [ 46   8   0   8   5   0   0   0   0   0   2   0   1]
 [ 23  12   1   1   1   0   0   0   0   0   0   0   0]
 [124   7   2 405   5  25  10   0   0   0   3   0   0]
 [ 16   0   0   7  18   8   0   0   0   0   0   0   2]
 [ 19   0   1  10   1 110  20   0   0   0   0  31   0]
 [  9   0   0  32   0  52 416   0   0   0   0   0   0]
 [  9   0   0   0   0   0   0   0   0   0   0   3   0]
 [128   0   0   1   0   0   0   0   7   0   0   5   1]
 [ 39   0   0   1   0   0   0   0   0   0   0  32   0]
 [ 46   0   0  55   0   5   3   0   0   0   5   0   2]
 [ 15   0   0   1   0   3   0   0   0   0   0  73   0]
 [ 21   0   0   1   0   0   0   0   0   0   0   1   6]]
Epoch 2:
[[864  10   0  54  12   4   1   0  18   3   1  19   0]
 [ 47   5   0   7   6   4   1   0   0   0   0   0   0]
 [ 26  10   0   0   1   1   0   0   0   0   0   0   0]
 [114   6   0 350  17  56  23   0   0   0   8   7   0]
 [  9   0   0   3  28   9   1   0   0   1   0   0   0]
 [ 12   0   0   3   3  81  63   0   2   0   0  28   0]
 [  0   0   0   2   0   7 496   0   4   0   0   0   0]
 [  3   2   0   0   0   0   0   0   4   0   0   3   0]
 [119   1   0   1   0   0   0   0  15   1   0   5   0]
 [ 34   0   0   0   0   1   0   0   0   2   0  35   0]
 [ 57   0   0  21   4  22   3   0   0   0   5   4   0]
 [  8   0   0   0   0   5   0   0   0   0   0  79   0]
 [ 27   0   0   0   0   0   0   0   0   0   1   1   0]]
Epoch 3:
[[758   6  22  97  15   0   3   0  57   8   2  17   1]
 [ 35   2   8  10   6   2   0   0   5   0   1   0   1]
 [ 22   5   9   1   1   0   0   0   0   0   0   0   0]
 [ 63   6  11 439  18   7  18   0   0   1   4  13   1]
 [  9   0   0  12  27   2   1   0   0   0   0   0   0]
 [ 11   0   0  13   4  92  37   0   3   0   2  30   0]
 [  0   0   0  17   0  12 480   0   0   0   0   0   0]
 [  2   1   1   0   0   0   0   0   8   0   0   0   0]
 [ 67   1   1   5   0   0   1   0  62   1   0   4   0]
 [ 35   0   0   2   0   0   0   0   0   4   0  31   0]
 [ 39   0   1  57   5   2   0   0   1   0   5   6   0]
 [  9   0   0   0   0   2   0   0   0   2   0  79   0]
 [ 22   0   0   1   0   0   0   0   4   0   0   1   1]]
Epoch 4:
[[844  16   9  47   9   0   1   0  36  13   2   9   0]
 [ 43   6   1   9   4   2   0   0   5   0   0   0   0]
 [ 24  12   0   1   1   0   0   0   0   0   0   0   0]
 [101  12   4 419  14  11   6   0   0   1   5   8   0]
 [ 11   0   0  14  25   0   1   0   0   0   0   0   0]
 [ 12   0   0  16   3  99  31   0   3   2   2  24   0]
 [  0   0   0  16   0  16 477   0   0   0   0   0   0]
 [  4   2   0   0   0   0   0   0   6   0   0   0   0]
 [ 95   1   0   1   0   2   0   0  39   2   0   2   0]
 [ 33   0   0   1   0   0   0   0   0   9   0  29   0]
 [ 50   0   0  50   4   1   1   0   0   0   5   5   0]
 [  7   0   0   0   0   7   0   0   0   6   0  72   0]
 [ 28   0   0   0   0   0   0   0   0   0   0   1   0]]

Scores
------
Epoch: 1
             Train loss  Test loss  P (micro)  R (micro)  F1 (micro)  P (weighted)  R (weighted)  F1 (weighted)
Iteration 0    1.378123   1.160170   0.660554   0.660554    0.660554      0.591731      0.660554       0.593407
Iteration 1    1.437252   1.020241   0.676125   0.676125    0.676125      0.666252      0.676125       0.624057
Iteration 2    1.434692   1.311758   0.607266   0.607266    0.607266      0.613017      0.607266       0.561375
Iteration 3    1.403124   1.010456   0.669550   0.669550    0.669550      0.663202      0.669550       0.626809

Epoch: 2
             Train loss  Test loss  P (micro)  R (micro)  F1 (micro)  P (weighted)  R (weighted)  F1 (weighted)
Iteration 0    1.172417   1.029466   0.683737   0.683737    0.683737      0.642544      0.683737       0.652446
Iteration 1    1.153743   1.101111   0.647059   0.647059    0.647059      0.580698      0.647059       0.608221
Iteration 2    1.187560   1.145924   0.645329   0.645329    0.645329      0.577594      0.645329       0.592359
Iteration 3    1.172861   1.052455   0.666090   0.666090    0.666090      0.621813      0.666090       0.621945

Epoch: 3
             Train loss  Test loss  P (micro)  R (micro)  F1 (micro)  P (weighted)  R (weighted)  F1 (weighted)
Iteration 0    1.073790   0.989625   0.681315   0.681315    0.681315      0.662890      0.681315       0.656249
Iteration 1    1.086378   1.003941   0.683391   0.683391    0.683391      0.666209      0.683391       0.653810
Iteration 2    1.097052   1.024092   0.673356   0.673356    0.673356      0.611373      0.673356       0.625191
Iteration 3    1.086716   1.014107   0.677509   0.677509    0.677509      0.653643      0.677509       0.651895

Epoch: 4
             Train loss  Test loss  P (micro)  R (micro)  F1 (micro)  P (weighted)  R (weighted)  F1 (weighted)
Iteration 0    0.986002   0.979083   0.696194   0.696194    0.696194      0.670323      0.696194       0.666874
Iteration 1    0.996935   1.037343   0.676817   0.676817    0.676817      0.652902      0.676817       0.646295
Iteration 2    0.994008   1.058704   0.675433   0.675433    0.675433      0.652343      0.675433       0.641402
Iteration 3    0.992257   0.975843   0.690311   0.690311    0.690311      0.655164      0.690311       0.660102

