RESULTS REPORT
Model: RoBERTa
Encoder: roberta-base
Evaluation: test set (4 random seeds)
Train scheme: fine-tuning
Max sequence length: 512
Batch size: 8
Dropout rate: 0.1
Learning rate: 1e-05
Freeze layers: False
Adam Epsilon: 1e-08
LR warmup: False
Use MLP: False
Weight decay: 0.001
Train time: 07h30m46s
GPU name: NVIDIA GeForce GTX 1080 Ti
GPU memory: 10.92

Averages:
Epoch Train loss    std    Test loss    std    P (micro)  P std  R (micro)  R std  F1 (micro)  F1 std P (weighted)  P std  R (weighted)  R std  F1 (weighted)  F1 std
   1   1.248780   0.006917  1.022481  0.039534   0.6798   0.0091   0.6798   0.0091   0.6798    0.0091    0.6660     0.0055    0.6798     0.0091     0.6575     0.0138
   2   1.076357   0.000498  1.008504  0.012688   0.6816   0.0081   0.6816   0.0081   0.6816    0.0081    0.6746     0.0143    0.6816     0.0081     0.6572     0.0080
   3   1.066652   0.001786  1.018001  0.008575   0.6810   0.0046   0.6810   0.0046   0.6810    0.0046    0.6802     0.0049    0.6810     0.0046     0.6567     0.0070
   4   1.039647   0.001030  0.991225  0.002984   0.6882   0.0020   0.6882   0.0020   0.6882    0.0020    0.6827     0.0061    0.6882     0.0020     0.6666     0.0028

*** Detailed report ***

Confusion matrices
------------------
ANALYSIS: 0 
ARG_PETITIONER: 1 
ARG_RESPONDENT: 2 
FAC: 3 
ISSUE: 4 
NONE: 5 
PREAMBLE: 6 
PRE_NOT_RELIED: 7 
PRE_RELIED: 8 
RATIO: 9 
RLC: 10 
RPC: 11 
STA: 12 
=> Iteration 0:
Epoch 1:
[[717  21   0 201   1   1   9   0  17   6   5   5   3]
 [ 28  15   1  16   0   0   2   0   5   0   1   1   1]
 [ 15  17   0   5   0   0   0   0   0   0   0   1   0]
 [111   6   0 434   4   3   3   0   4   0  11   3   2]
 [  9   0   0   7  33   0   2   0   0   0   0   0   0]
 [ 14   1   0   7   0 156   9   0   1   0   0   4   0]
 [ 24   0   0  21   0  10 445   0   6   0   3   0   0]
 [  7   2   0   0   0   0   0   0   3   0   0   0   0]
 [ 72   3   0  13   0   1   2   0  49   0   1   1   0]
 [ 52   0   0   7   0   0   1   0   1   7   0   4   0]
 [ 44   0   0  34   0   0   2   0   4   0  29   2   1]
 [ 12   0   0   5   0   1   2   0   1   4   0  67   0]
 [ 11   0   0   1   0   0   0   0   0   0   0   0  17]]
Epoch 2:
[[799  14   0 140   4   0  17   0   3   1   0   6   2]
 [ 40  10   0  18   0   0   1   0   0   0   0   1   0]
 [ 21  11   0   5   0   0   0   0   0   0   0   1   0]
 [155   1   0 400   4   2   8   0   1   0   4   4   2]
 [  9   0   0   5  35   0   2   0   0   0   0   0   0]
 [ 22   1   0   3   0 146  18   0   0   0   0   2   0]
 [ 25   0   0  17   0   4 461   0   1   0   1   0   0]
 [  8   4   0   0   0   0   0   0   0   0   0   0   0]
 [ 95   2   0  11   0   1   6   0  24   0   2   1   0]
 [ 63   0   0   3   0   0   0   0   0   4   0   2   0]
 [ 55   0   0  37   1   0   2   0   1   0  17   3   0]
 [ 24   0   0   2   0   1   4   0   0   0   0  61   0]
 [ 18   0   0   1   0   0   0   0   0   0   0   0  10]]
Epoch 3:
[[807  28   0  76   8   5  22   0   8   2   1  20   9]
 [ 41  15   0   9   1   0   1   0   1   0   0   2   0]
 [ 21  15   0   1   0   0   0   0   0   0   0   1   0]
 [208  12   0 324   6   4  10   0   1   0   7   6   3]
 [  9   0   0   3  37   0   2   0   0   0   0   0   0]
 [  9   1   0   0   0 173   4   0   1   0   0   4   0]
 [ 19   2   0  12   0  13 462   0   0   0   1   0   0]
 [  6   4   0   0   0   0   1   0   1   0   0   0   0]
 [ 81   3   0   6   1   0   8   0  39   0   1   1   2]
 [ 59   0   0   2   0   0   1   0   1   3   0   6   0]
 [ 57   0   0  20   1   0   2   0   2   1  25   6   2]
 [ 16   1   0   1   0   3   3   0   0   1   0  67   0]
 [ 11   0   0   0   0   0   0   0   0   0   0   0  18]]
Epoch 4:
[[795  20   0 110   1   5  17   0  14   6   2  11   5]
 [ 38  12   0  14   0   0   1   0   4   0   0   1   0]
 [ 21  12   1   3   0   0   0   0   0   0   0   1   0]
 [172   7   0 368   4   3   9   0   2   0   7   6   3]
 [ 10   0   0   3  36   0   2   0   0   0   0   0   0]
 [ 10   1   0   0   0 173   4   0   1   0   0   3   0]
 [ 22   0   0  16   0  12 453   0   5   0   1   0   0]
 [  6   2   0   0   0   0   1   0   3   0   0   0   0]
 [ 79   2   0   7   0   2   2   0  47   0   1   1   1]
 [ 58   0   0   4   0   0   0   0   1   7   0   2   0]
 [ 55   0   0  28   1   0   1   0   3   1  24   2   1]
 [ 18   0   0   3   0   3   1   0   0   2   0  65   0]
 [ 10   0   0   1   0   0   0   0   1   0   0   0  17]]
=> Iteration 1:
Epoch 1:
[[872  13   0  45   1   7  16   0  29   0   0   3   0]
 [ 41  10   0   9   0   0   2   0   7   0   0   1   0]
 [ 25  12   0   1   0   0   0   0   0   0   0   0   0]
 [279   5   0 247   4   4  11   0  14   0   7   9   1]
 [ 16   0   0   1  28   0   2   0   4   0   0   0   0]
 [ 16   1   0   0   0 165   4   0   1   0   0   5   0]
 [ 31   0   0   6   0  15 445   0   7   0   3   1   1]
 [  6   1   0   0   0   0   0   0   5   0   0   0   0]
 [ 69   1   0   5   0   2   0   0  64   0   0   1   0]
 [ 68   0   0   0   0   0   0   0   3   0   0   1   0]
 [ 61   0   0  15   0   0   2   0  12   0  20   6   0]
 [ 21   0   0   0   0   3   4   0   0   0   0  64   0]
 [ 21   0   0   0   0   0   0   0   0   0   0   0   8]]
Epoch 2:
[[823  22   0 107   5   5  15   0   5   0   1   1   2]
 [ 39  14   0  13   0   0   1   0   2   0   0   1   0]
 [ 19  15   0   4   0   0   0   0   0   0   0   0   0]
 [175   8   0 376   4   3   9   0   1   0   3   0   2]
 [  8   0   0   5  36   0   2   0   0   0   0   0   0]
 [ 11   1   0   1   0 169   7   0   1   0   0   2   0]
 [ 21   0   0  15   0  10 461   0   0   0   1   0   1]
 [  8   2   0   0   0   0   0   0   2   0   0   0   0]
 [ 79   3   0   9   2   2   6   0  40   0   0   1   0]
 [ 65   0   0   5   0   0   0   0   1   0   0   1   0]
 [ 59   0   0  36   0   0   2   0   2   0  17   0   0]
 [ 25   1   0   6   0   2   4   0   0   0   0  54   0]
 [ 14   0   0   0   0   0   0   0   0   0   0   0  15]]
Epoch 3:
[[848  18   0  76   1   2  23   0  12   0   0   4   2]
 [ 41  12   0  11   0   0   1   0   4   0   0   1   0]
 [ 23  14   0   1   0   0   0   0   0   0   0   0   0]
 [231   6   0 313   4   1  16   0   2   0   3   3   2]
 [ 13   0   0   2  32   0   3   0   1   0   0   0   0]
 [ 13   1   0   1   0 137  35   0   1   0   0   4   0]
 [ 23   0   0  10   0   3 469   0   3   0   1   0   0]
 [  6   2   0   0   0   0   1   0   3   0   0   0   0]
 [ 80   2   0   7   0   1   4   0  47   0   0   1   0]
 [ 68   0   0   0   0   0   1   0   1   1   0   1   0]
 [ 68   0   0  24   0   0   2   0   5   0  15   2   0]
 [ 21   0   0   2   0   3   4   0   0   1   0  61   0]
 [ 15   0   0   0   0   0   0   0   1   0   0   0  13]]
Epoch 4:
[[790  21   0 126   2   6  15   0  12   2   1   5   6]
 [ 38  15   0  12   0   0   1   0   3   0   0   1   0]
 [ 19  15   0   4   0   0   0   0   0   0   0   0   0]
 [167   9   0 373   4   3  10   0   2   0   7   4   2]
 [ 10   0   0   3  34   0   3   0   1   0   0   0   0]
 [ 11   1   0   1   0 161  13   0   1   0   0   4   0]
 [ 23   0   0  14   1  10 456   0   3   0   1   1   0]
 [  7   3   0   0   0   0   0   0   2   0   0   0   0]
 [ 76   3   0   8   0   2   2   0  48   0   0   1   2]
 [ 62   1   0   2   0   0   0   0   1   3   0   3   0]
 [ 53   0   0  30   0   0   1   0   3   1  22   4   2]
 [ 17   1   0   3   0   3   0   0   0   2   0  66   0]
 [ 11   0   0   0   0   0   0   0   1   0   0   0  17]]
=> Iteration 2:
Epoch 1:
[[761  29   0 117   7  11  23   0  10   1   9   6  12]
 [ 32  17   0  11   0   0   2   0   5   0   1   1   1]
 [ 20  15   0   1   0   0   0   0   0   1   1   0   0]
 [142   9   0 380   7   6   7   0   4   0  16   6   4]
 [  8   0   0   1  40   1   1   0   0   0   0   0   0]
 [  6   1   0   1   0 173   7   0   1   0   0   3   0]
 [ 17   0   0  10   0  20 456   0   2   0   3   0   1]
 [  8   2   0   0   0   0   0   0   1   0   0   0   1]
 [ 70   2   0   9   0   3   4   0  47   0   4   1   2]
 [ 60   0   0   5   0   0   0   0   2   1   1   3   0]
 [ 46   0   0  25   1   0   2   0   4   0  34   2   2]
 [ 16   1   0   1   1   3   5   0   0   0   0  64   1]
 [  6   0   0   0   0   0   0   0   0   0   0   0  23]]
Epoch 2:
[[638  16   0 233   2  12  31   0  24   5   4  17   4]
 [ 25  12   0  21   0   0   3   0   8   0   0   1   0]
 [ 15  13   0   7   0   1   0   0   0   0   0   2   0]
 [ 78   4   0 450   4   8  16   0   4   0   7   8   2]
 [  9   0   0   7  33   0   2   0   0   0   0   0   0]
 [  6   1   0   0   0 168  10   0   0   0   0   7   0]
 [ 13   0   0  11   0   6 478   0   0   0   1   0   0]
 [  4   2   0   0   0   0   1   0   5   0   0   0   0]
 [ 66   2   0  15   0   2   9   0  45   0   1   1   1]
 [ 51   0   0   5   0   0   2   0   1   4   0   9   0]
 [ 42   0   0  39   0   0   3   0   3   0  21   6   2]
 [ 12   0   0   1   0   4   3   0   0   2   0  70   0]
 [  7   0   0   1   0   0   0   0   1   0   0   0  20]]
Epoch 3:
[[827  19   0  80   1   5  17   0   9  18   2   4   4]
 [ 38  13   0  11   0   0   1   0   6   0   0   1   0]
 [ 19  15   0   1   0   0   0   0   0   3   0   0   0]
 [217   9   0 320   4   2   9   0   3   0   9   6   2]
 [ 12   0   0   2  35   0   2   0   0   0   0   0   0]
 [ 16   1   0   1   0 167   3   0   1   1   0   2   0]
 [ 30   0   0  12   0  12 445   0   8   0   1   0   1]
 [  8   2   0   0   0   0   0   0   2   0   0   0   0]
 [ 81   2   0   5   0   1   2   0  46   1   1   1   2]
 [ 53   0   0   2   0   0   0   0   2  12   0   3   0]
 [ 59   0   0  18   1   0   1   0   4   1  24   7   1]
 [ 14   0   0   1   0   3   3   0   0   7   0  64   0]
 [ 12   0   0   0   0   0   0   0   1   0   0   0  16]]
Epoch 4:
[[806  18   3 113   2   5  14   0   9   2   2   6   6]
 [ 42  11   0  13   0   0   1   0   2   0   0   1   0]
 [ 19  13   1   4   0   0   0   0   0   1   0   0   0]
 [175   6   0 365   4   3   9   0   2   0   9   5   3]
 [ 10   0   0   4  35   0   2   0   0   0   0   0   0]
 [ 11   1   0   2   0 167   5   0   1   0   0   5   0]
 [ 29   1   0  18   0  13 443   0   4   0   1   0   0]
 [  6   2   0   0   0   0   1   0   3   0   0   0   0]
 [ 78   3   0   8   0   1   4   0  45   0   0   1   2]
 [ 59   0   0   3   0   0   1   0   1   5   0   3   0]
 [ 53   0   0  29   1   0   1   0   2   1  22   5   2]
 [ 15   0   0   3   0   2   4   0   0   2   0  66   0]
 [ 11   0   0   0   0   0   0   0   1   0   0   0  17]]
=> Iteration 3:
Epoch 1:
[[817  19   0 110   1   0  14   0   8   0   9   4   4]
 [ 37  11   0  13   0   0   2   0   5   0   1   1   0]
 [ 22  13   0   2   0   0   0   0   0   0   0   1   0]
 [171   7   0 371   4   2   7   0   2   0  11   5   1]
 [ 13   0   0   2  35   0   1   0   0   0   0   0   0]
 [ 23   1   0   2   0 133  29   0   0   0   0   4   0]
 [ 24   0   0  15   0   5 461   0   0   0   3   0   1]
 [  8   2   0   0   0   0   0   0   2   0   0   0   0]
 [ 83   2   0   8   0   0   7   0  36   0   6   0   0]
 [ 63   0   0   2   0   0   1   0   1   0   1   4   0]
 [ 54   0   0  25   1   0   2   0   3   0  29   2   0]
 [ 21   0   0   3   0   1   4   0   0   0   0  63   0]
 [ 15   0   0   0   0   0   0   0   0   0   0   0  14]]
Epoch 2:
[[763  15   0 159   3   3  12   0  16   0   9   4   2]
 [ 35  11   0  14   0   0   1   0   5   0   2   1   1]
 [ 21  14   0   2   0   0   0   0   0   0   0   1   0]
 [142   6   0 394   4   3   4   0   5   0  19   3   1]
 [ 11   0   0   4  35   0   1   0   0   0   0   0   0]
 [ 11   1   0   4   0 157  13   0   2   0   0   4   0]
 [ 30   0   0  18   0   5 441   0   8   0   6   0   1]
 [  6   2   0   0   0   0   0   0   4   0   0   0   0]
 [ 76   1   0   8   1   1   1   0  49   0   5   0   0]
 [ 61   0   0   2   0   0   0   0   3   2   0   4   0]
 [ 47   0   0  24   0   0   1   0   5   0  37   1   1]
 [ 19   0   0   3   0   3   3   0   0   0   0  64   0]
 [ 12   0   0   1   0   0   0   0   1   0   0   0  15]]
Epoch 3:
[[780  19   0 127   8  12  17   0   8   0   1   6   8]
 [ 39  12   0  14   0   0   1   0   3   0   0   1   0]
 [ 21  13   0   4   0   0   0   0   0   0   0   0   0]
 [161   7   0 389   4   4   6   0   1   0   3   3   3]
 [  8   0   0   4  38   0   1   0   0   0   0   0   0]
 [  8   1   0   1   0 174   6   0   0   0   0   2   0]
 [ 25   0   0  17   0  10 455   0   0   0   1   0   1]
 [  5   2   0   0   0   0   1   0   4   0   0   0   0]
 [ 79   1   0   9   2   4   3   0  42   0   0   1   1]
 [ 59   0   0   5   0   0   0   0   1   3   0   4   0]
 [ 52   0   0  39   1   0   2   0   3   0  13   4   2]
 [ 15   1   0   4   0   6   4   0   0   0   0  62   0]
 [ 10   0   0   1   0   0   0   0   1   0   0   0  17]]
Epoch 4:
[[812  21   0 112   1   4  17   0   9   1   0   5   4]
 [ 40  13   0  13   0   0   1   0   2   0   0   1   0]
 [ 19  14   0   4   0   0   0   0   0   0   0   1   0]
 [180   7   0 365   4   3   6   0   2   0   6   5   3]
 [ 10   0   0   4  35   0   2   0   0   0   0   0   0]
 [ 13   1   0   1   0 162  10   0   1   0   0   4   0]
 [ 22   1   0  18   0   8 458   0   1   0   1   0   0]
 [  6   2   0   0   0   0   1   0   3   0   0   0   0]
 [ 81   2   0   7   0   1   6   0  42   0   1   1   1]
 [ 62   0   0   3   0   0   1   0   1   3   0   2   0]
 [ 52   0   0  32   1   0   1   0   3   1  20   4   2]
 [ 19   1   0   3   0   3   3   0   0   0   0  63   0]
 [ 11   0   0   0   0   0   0   0   1   0   0   0  17]]

Scores
------
Epoch: 1
             Train loss  Test loss  P (micro)  R (micro)  F1 (micro)  P (weighted)  R (weighted)  F1 (weighted)
Iteration 0    1.250008   1.015552   0.681315   0.681315    0.681315      0.672197      0.681315       0.666896
Iteration 1    1.258210   1.084914   0.665398   0.665398    0.665398      0.662404      0.665398       0.635315
Iteration 2    1.238751   0.975163   0.690657   0.690657    0.690657      0.670456      0.690657       0.670910
Iteration 3    1.248151   1.014294   0.681661   0.681661    0.681661      0.658879      0.681661       0.656971

Epoch: 2
             Train loss  Test loss  P (micro)  R (micro)  F1 (micro)  P (weighted)  R (weighted)  F1 (weighted)
Iteration 0    1.076806   1.015131   0.680623   0.680623    0.680623      0.687514      0.680623       0.650991
Iteration 1    1.076779   1.013874   0.693772   0.693772    0.693772      0.680787      0.693772       0.666485
Iteration 2    1.076264   1.018305   0.670934   0.670934    0.670934      0.650480      0.670934       0.647847
Iteration 3    1.075580   0.986707   0.680969   0.680969    0.680969      0.679788      0.680969       0.663612

Epoch: 3
             Train loss  Test loss  P (micro)  R (micro)  F1 (micro)  P (weighted)  R (weighted)  F1 (weighted)
Iteration 0    1.064640   1.015837   0.681661   0.681661    0.681661      0.679669      0.681661       0.658441
Iteration 1    1.069509   1.030027   0.674048   0.674048    0.674048      0.676437      0.674048       0.644876
Iteration 2    1.066545   1.020006   0.681315   0.681315    0.681315      0.676354      0.681315       0.663122
Iteration 3    1.065916   1.006134   0.686851   0.686851    0.686851      0.688463      0.686851       0.660206

Epoch: 4
             Train loss  Test loss  P (micro)  R (micro)  F1 (micro)  P (weighted)  R (weighted)  F1 (weighted)
Iteration 0    1.040159   0.990699   0.691349   0.691349    0.691349      0.692182      0.691349       0.671425
Iteration 1    1.037893   0.991622   0.686851   0.686851    0.686851      0.676069      0.686851       0.665664
Iteration 2    1.040010   0.987096   0.686159   0.686159    0.686159      0.679048      0.686159       0.664868
Iteration 3    1.040526   0.995483   0.688581   0.688581    0.688581      0.683363      0.688581       0.664452

