RESULTS REPORT
Model: BERT
Encoder: bert-base-uncased
Evaluation: test set (4 random seeds)
Train scheme: fine-tuning
Max sequence length: 512
Batch size: 8
Dropout rate: 0.1
Learning rate: 1e-05
Freeze layers: False
Adam Epsilon: 1e-08
LR warmup: False
Use MLP: False
Weight decay: 0.001
Train time: 07h27m29s
GPU name: NVIDIA GeForce GTX 1080 Ti
GPU memory: 10.92

Averages:
Epoch Train loss    std    Test loss    std    P (micro)  P std  R (micro)  R std  F1 (micro)  F1 std P (weighted)  P std  R (weighted)  R std  F1 (weighted)  F1 std
   1   1.181400   0.004174  1.045161  0.017180   0.6736   0.0049   0.6736   0.0049   0.6736    0.0049    0.6769     0.0089    0.6736     0.0049     0.6516     0.0088
   2   1.061852   0.001634  1.076088  0.021191   0.6654   0.0064   0.6654   0.0064   0.6654    0.0064    0.6659     0.0106    0.6654     0.0064     0.6402     0.0068
   3   1.063777   0.004848  1.099460  0.028673   0.6597   0.0072   0.6597   0.0072   0.6597    0.0072    0.6590     0.0106    0.6597     0.0072     0.6362     0.0025
   4   1.023798   0.002461  1.092257  0.003312   0.6623   0.0028   0.6623   0.0028   0.6623    0.0028    0.6552     0.0008    0.6623     0.0028     0.6397     0.0049

*** Detailed report ***

Confusion matrices
------------------
ANALYSIS: 0 
ARG_PETITIONER: 1 
ARG_RESPONDENT: 2 
FAC: 3 
ISSUE: 4 
NONE: 5 
PREAMBLE: 6 
PRE_NOT_RELIED: 7 
PRE_RELIED: 8 
RATIO: 9 
RLC: 10 
RPC: 11 
STA: 12 
=> Iteration 0:
Epoch 1:
[[845  21   0  93   1   4   7   0   6   0   3   4   2]
 [ 43  15   0  10   0   0   0   0   1   0   0   1   0]
 [ 18  17   0   2   0   0   0   0   0   0   0   1   0]
 [187  10   0 361   5   1   3   0   2   0   8   3   1]
 [ 16   0   0   2  30   0   2   0   1   0   0   0   0]
 [ 29   1   0   3   0 152   2   0   1   0   0   4   0]
 [ 45   0   0  19   0  29 404   0   6   0   6   0   0]
 [  9   2   0   0   0   0   0   0   1   0   0   0   0]
 [ 82   3   0   8   0   2   2   0  41   0   3   1   0]
 [ 65   0   0   3   0   0   1   0   1   1   0   1   0]
 [ 62   0   0  29   1   0   2   0   2   0  19   1   0]
 [ 18   0   0   3   0   1   2   0   0   0   0  68   0]
 [ 15   0   0   0   0   0   0   0   1   0   0   0  13]]
Epoch 2:
[[806  14   0 127   0   2   8   0  23   0   0   5   1]
 [ 39  11   0  13   0   0   1   0   5   0   0   1   0]
 [ 21  13   0   4   0   0   0   0   0   0   0   0   0]
 [166   3   0 383   4   3   5   0   5   0  10   1   1]
 [ 14   0   0   3  28   0   2   0   3   0   0   0   1]
 [ 15   1   0   4   0 159   9   0   1   0   0   3   0]
 [ 38   0   0  22   0  18 417   0   8   0   6   0   0]
 [  7   2   0   0   0   0   0   0   3   0   0   0   0]
 [ 80   1   0   7   0   2   3   0  47   0   1   1   0]
 [ 63   0   0   4   0   0   1   0   2   0   0   2   0]
 [ 59   0   0  27   0   0   2   0   4   0  22   2   0]
 [ 24   0   0   6   0   2   1   0   0   0   0  59   0]
 [ 16   0   0   0   0   0   0   0   1   0   0   0  12]]
Epoch 3:
[[753  15   0 151   5   4  12   0   1  14   1  18  12]
 [ 40  12   0  12   0   0   3   0   0   0   0   2   1]
 [ 17   9   0   7   0   1   0   0   0   2   0   2   0]
 [141   3   1 396   4   5  11   0   0   0   4  13   3]
 [  9   0   0   3  36   0   2   0   0   0   0   1   0]
 [ 11   1   0   4   1 146  25   0   0   0   0   4   0]
 [ 38   0   0  18   1  13 432   0   0   0   3   3   1]
 [  9   2   0   0   0   0   0   0   1   0   0   0   0]
 [ 85   2   0  10   0   1  12   0  23   1   0   3   5]
 [ 47   0   0   2   0   0   3   0   1  10   0   9   0]
 [ 53   0   0  31   1   0   6   0   0   1  15   9   0]
 [  8   0   0   3   0   1   3   0   0   3   0  74   0]
 [ 10   0   0   1   0   1   0   0   0   0   0   0  17]]
Epoch 4:
[[821  18   1 106   1   3  12   0   5   2   0   9   8]
 [ 43  15   0   9   0   0   1   0   0   0   0   1   1]
 [ 21  11   0   6   0   0   0   0   0   0   0   0   0]
 [203   4   4 338   4   2  12   0   0   0   7   6   1]
 [ 13   0   0   3  33   0   2   0   0   0   0   0   0]
 [ 18   1   0   4   1 150  15   0   1   0   0   2   0]
 [ 49   0   0  20   0  17 414   0   4   0   3   1   1]
 [  8   4   0   0   0   0   0   0   0   0   0   0   0]
 [ 90   1   0   7   0   1   9   0  29   0   0   1   4]
 [ 61   0   0   1   0   0   3   0   1   4   0   2   0]
 [ 60   0   0  28   1   0   5   0   2   0  15   5   0]
 [ 17   0   0   2   0   1   3   0   0   3   0  66   0]
 [ 13   0   0   0   0   1   0   0   0   0   0   0  15]]
=> Iteration 1:
Epoch 1:
[[723  26   4 151  12   2  30   0  21   5   0   3   9]
 [ 34  18   1  11   0   0   1   0   3   0   0   1   1]
 [ 13  18   3   3   0   0   0   0   0   1   0   0   0]
 [114  14   4 420   4   3   9   0   4   0   4   3   2]
 [  4   0   0   3  42   0   1   0   1   0   0   0   0]
 [  5   2   0   1   0 156  21   0   1   0   0   6   0]
 [ 26   1   0  15   0  12 449   0   3   0   2   0   1]
 [  6   2   0   0   0   0   0   0   4   0   0   0   0]
 [ 71   7   0   7   0   2   4   0  50   0   0   1   0]
 [ 57   0   0   3   0   0   2   0   1   6   0   3   0]
 [ 51   2   0  33   1   0   3   0   4   0  19   3   0]
 [ 13   1   0   2   1   2   4   0   0   4   0  65   0]
 [ 10   0   0   0   0   0   0   0   2   0   0   0  17]]
Epoch 2:
[[838  21   2  96   2   1   9   0   1   1   1   4  10]
 [ 43  15   0  10   0   0   0   0   0   0   0   1   1]
 [ 19  14   1   2   0   0   0   0   0   0   0   2   0]
 [208   3   4 339   5   1   4   0   1   0   9   5   2]
 [ 15   0   0   1  32   0   2   0   0   0   0   0   1]
 [ 41   2   0   5   0 128  12   0   0   0   0   4   0]
 [ 50   1   0  19   0  12 417   0   3   0   5   1   1]
 [  9   2   0   0   0   0   0   0   1   0   0   0   0]
 [ 95   3   0   7   0   1   5   0  25   0   0   1   5]
 [ 66   0   0   1   0   0   1   0   0   1   0   3   0]
 [ 62   0   0  25   1   0   3   0   1   0  19   4   1]
 [ 22   0   0   4   0   0   0   0   0   0   0  65   1]
 [ 12   0   0   0   0   0   0   0   0   0   0   0  17]]
Epoch 3:
[[763  39   0 101   4   4  10   0   2  28   2  31   2]
 [ 36  20   0   8   0   0   1   0   0   0   1   4   0]
 [ 15  17   1   2   0   0   0   0   0   0   0   3   0]
 [168  22   1 351   4   2   5   0   1   1  10  16   0]
 [ 12   0   0   2  32   0   2   0   0   1   0   2   0]
 [ 10   1   0   0   0 165   5   0   0   0   0  11   0]
 [ 38   1   0  23   0  33 396   0   3   4   7   3   1]
 [  8   4   0   0   0   0   0   0   0   0   0   0   0]
 [ 86   9   0   6   0   2  10   0  19   3   3   3   1]
 [ 48   3   0   1   0   0   1   0   0  12   0   7   0]
 [ 56   1   0  20   1   0   5   0   0   0  26   7   0]
 [  3   0   0   2   0   1   2   0   0   8   0  76   0]
 [ 16   1   0   0   0   1   0   0   0   0   0   1  10]]
Epoch 4:
[[795  14   5 123   1   3  12   0  15   4   2   6   6]
 [ 41  13   0  11   0   0   1   0   1   0   0   2   1]
 [ 20  11   2   5   0   0   0   0   0   0   0   0   0]
 [176   5   4 363   4   2   7   0   2   0  11   5   2]
 [ 15   0   0   2  32   0   2   0   0   0   0   0   0]
 [ 17   1   0   4   1 154  12   0   1   0   0   2   0]
 [ 44   0   0  22   0  15 418   0   4   0   5   0   1]
 [  7   3   0   0   0   0   0   0   2   0   0   0   0]
 [ 82   2   0   8   0   1   9   0  36   0   0   2   2]
 [ 57   0   0   3   0   0   1   0   2   7   0   2   0]
 [ 57   0   0  29   1   0   4   0   3   0  17   5   0]
 [ 14   0   0   3   0   1   5   0   0   3   0  65   1]
 [ 12   0   0   0   0   0   1   0   1   0   0   0  15]]
=> Iteration 2:
Epoch 1:
[[781  14   0 160   2   1  12   0  12   0   1   2   1]
 [ 36  15   0  15   0   0   1   0   2   0   0   1   0]
 [ 18  17   0   3   0   0   0   0   0   0   0   0   0]
 [147   7   0 407   4   2   4   0   3   0   4   2   1]
 [ 17   0   0   2  31   0   1   0   0   0   0   0   0]
 [ 28   2   0   2   0 141  12   0   4   0   0   3   0]
 [ 33   0   0  19   0   9 432   0  10   0   6   0   0]
 [  7   2   0   0   0   0   0   0   3   0   0   0   0]
 [ 75   2   0  11   0   2   1   0  50   0   0   1   0]
 [ 65   0   0   2   0   0   1   0   2   1   0   1   0]
 [ 58   1   0  34   1   0   2   0   2   0  17   1   0]
 [ 28   0   0   1   0   2   1   0   0   3   0  57   0]
 [ 18   0   0   0   0   0   0   0   2   0   0   0   9]]
Epoch 2:
[[853  16   4  75   3   6  11   0   8   0   0   5   5]
 [ 40  13   0  12   0   0   1   0   0   0   0   3   1]
 [ 21  12   2   2   0   0   0   0   0   0   0   1   0]
 [237   3   1 315   4   3   5   0   1   0   5   5   2]
 [ 14   0   0   2  33   0   2   0   0   0   0   0   0]
 [ 12   1   0   1   1 159  13   0   1   0   0   4   0]
 [ 34   0   0  23   0  17 426   0   4   0   3   1   1]
 [  7   2   0   0   0   0   0   0   3   0   0   0   0]
 [ 85   2   0   7   0   2   3   0  40   0   0   1   2]
 [ 66   0   0   1   0   0   1   0   1   0   0   3   0]
 [ 62   0   0  29   1   0   3   0   2   0  13   5   1]
 [ 17   0   0   3   0   2   2   0   0   0   0  67   1]
 [ 12   0   0   0   0   1   0   0   1   0   0   0  15]]
Epoch 3:
[[817   9   2 124   0   9  11   0   4   0   0   5   5]
 [ 43   9   0  12   0   0   1   0   2   0   0   2   1]
 [ 26   9   0   3   0   0   0   0   0   0   0   0   0]
 [174   2   0 374   4   4   8   0   2   0   5   7   1]
 [ 14   0   0   3  32   0   2   0   0   0   0   0   0]
 [ 18   1   0   3   0 150  18   0   1   0   0   1   0]
 [ 42   0   0  23   0  18 417   0   6   0   1   1   1]
 [  8   2   0   0   0   0   0   0   2   0   0   0   0]
 [ 90   0   0   9   0   1   8   0  31   0   0   1   2]
 [ 61   0   0   3   0   1   1   0   1   3   0   2   0]
 [ 56   0   0  33   1   1   4   0   4   0  12   5   0]
 [ 16   0   0   5   0   4   2   0   0   0   0  64   1]
 [ 16   0   0   0   0   0   0   0   0   0   0   0  13]]
Epoch 4:
[[814  16   1 123   1   3   7   0   9   1   1   5   5]
 [ 39  14   0  11   0   0   1   0   2   0   0   2   1]
 [ 23   9   0   5   0   0   0   0   0   0   0   1   0]
 [175   4   2 369   4   2   6   0   3   0   9   6   1]
 [ 14   0   0   3  32   0   2   0   0   0   0   0   0]
 [ 18   1   0   4   1 152  14   0   1   0   0   1   0]
 [ 47   0   0  26   0  18 402   0   7   0   6   1   2]
 [  8   3   0   0   0   0   0   0   1   0   0   0   0]
 [ 84   1   0   8   0   1   9   0  34   0   0   1   4]
 [ 62   0   0   2   0   0   0   0   1   5   0   2   0]
 [ 59   0   0  27   1   0   3   0   4   0  17   5   0]
 [ 14   1   0   3   1   2   2   0   0   3   0  65   1]
 [ 15   0   0   0   0   0   0   0   0   0   0   0  14]]
=> Iteration 3:
Epoch 1:
[[879  22   0  61   1   3  11   0   2   0   0   5   2]
 [ 45  16   0   6   0   0   1   0   0   0   0   1   1]
 [ 20  16   0   0   0   0   0   0   0   0   0   2   0]
 [265   9   0 282   4   2   5   0   0   0   4   9   1]
 [ 18   0   0   0  32   0   1   0   0   0   0   0   0]
 [ 16   1   0   0   0 166   4   0   0   0   0   5   0]
 [ 47   2   0   9   0  28 416   0   3   0   4   0   0]
 [  9   2   0   0   0   0   0   0   1   0   0   0   0]
 [100   4   0   7   0   1   1   0  28   0   0   1   0]
 [ 67   0   0   0   0   0   0   0   0   0   0   5   0]
 [ 65   0   0  15   1   0   2   0   1   0  27   5   0]
 [ 20   0   0   0   0   1   1   0   0   0   0  70   0]
 [ 16   0   0   0   0   0   0   0   0   0   0   0  13]]
Epoch 2:
[[771  22   0 162   3   1   6   0   1   1   0  12   7]
 [ 38  14   0  15   0   0   1   0   0   0   0   1   1]
 [ 18  15   0   4   0   0   0   0   0   0   0   1   0]
 [137   8   0 417   4   1   2   0   0   0   5   5   2]
 [ 12   0   0   2  34   0   2   0   0   0   0   0   1]
 [ 30   1   0   2   0 141  11   0   1   0   0   6   0]
 [ 44   0   0  36   0   9 413   0   2   0   2   2   1]
 [  9   3   0   0   0   0   0   0   0   0   0   0   0]
 [ 99   2   0  11   0   1   2   0  23   0   0   1   3]
 [ 62   0   0   4   0   0   0   0   0   4   0   2   0]
 [ 58   0   0  37   1   0   2   0   1   0  12   5   0]
 [ 18   0   0   4   0   0   0   0   0   0   0  70   0]
 [ 13   0   0   0   0   0   0   0   0   0   0   0  16]]
Epoch 3:
[[765  21   0 155   1   6  11   0  19   1   0   5   2]
 [ 36  13   0  12   0   0   1   0   6   0   0   2   0]
 [ 17  13   0   7   0   1   0   0   0   0   0   0   0]
 [139   8   0 406   4   6   5   0   6   0   5   1   1]
 [ 14   0   0   3  32   0   2   0   0   0   0   0   0]
 [ 10   1   0   5   0 149  25   0   1   0   0   1   0]
 [ 35   0   0  26   0  10 424   0  10   0   3   0   1]
 [  7   3   0   0   0   0   0   0   2   0   0   0   0]
 [ 81   2   0   7   0   1   8   0  41   0   0   1   1]
 [ 62   0   0   4   0   0   1   0   3   0   0   2   0]
 [ 56   0   0  34   1   0   3   0   5   0  14   3   0]
 [ 18   0   0   6   0   2   3   0   0   0   0  63   0]
 [ 16   0   0   0   0   1   0   0   0   0   0   0  12]]
Epoch 4:
[[794  22   0 125   2   3   8   0  12   7   3   6   4]
 [ 40  13   0  10   0   0   1   0   3   0   0   2   1]
 [ 18  13   1   6   0   0   0   0   0   0   0   0   0]
 [164   6   3 376   4   2   9   0   3   0   9   3   2]
 [ 13   0   0   2  33   0   2   0   0   1   0   0   0]
 [ 16   1   0   3   1 151  18   0   1   0   0   1   0]
 [ 41   0   0  24   0  16 417   0   6   0   4   0   1]
 [  8   4   0   0   0   0   0   0   0   0   0   0   0]
 [ 83   1   0   7   0   1   8   0  37   0   0   1   4]
 [ 60   0   0   2   0   0   0   0   1   7   0   2   0]
 [ 59   0   0  30   1   0   2   0   4   0  15   5   0]
 [ 13   0   0   5   0   1   4   0   0   4   0  64   1]
 [ 15   0   0   0   0   1   0   0   0   0   0   0  13]]

Scores
------
Epoch: 1
             Train loss  Test loss  P (micro)  R (micro)  F1 (micro)  P (weighted)  R (weighted)  F1 (weighted)
Iteration 0    1.184445   1.030325   0.674394   0.674394    0.674394      0.687999      0.674394       0.651763
Iteration 1    1.185172   1.040463   0.680969   0.680969    0.680969      0.674889      0.680969       0.664601
Iteration 2    1.174604   1.035594   0.671626   0.671626    0.671626      0.663809      0.671626       0.650285
Iteration 3    1.181378   1.074263   0.667474   0.667474    0.667474      0.681028      0.667474       0.639706

Epoch: 2
             Train loss  Test loss  P (micro)  R (micro)  F1 (micro)  P (weighted)  R (weighted)  F1 (weighted)
Iteration 0    1.061804   1.050611   0.672664   0.672664    0.672664      0.652744      0.672664       0.650215
Iteration 1    1.061911   1.100154   0.656401   0.656401    0.656401      0.671260      0.656401       0.631646
Iteration 2    1.059537   1.059957   0.669896   0.669896    0.669896      0.659270      0.669896       0.641579
Iteration 3    1.064156   1.093631   0.662630   0.662630    0.662630      0.680215      0.662630       0.637422

Epoch: 3
             Train loss  Test loss  P (micro)  R (micro)  F1 (micro)  P (weighted)  R (weighted)  F1 (weighted)
Iteration 0    1.062544   1.096258   0.662284   0.662284    0.662284      0.660028      0.662284       0.636592
Iteration 1    1.071903   1.147209   0.647405   0.647405    0.647405      0.666078      0.647405       0.632942
Iteration 2    1.061494   1.078946   0.665052   0.665052    0.665052      0.668530      0.665052       0.635376
Iteration 3    1.059169   1.075427   0.664014   0.664014    0.664014      0.641418      0.664014       0.639815

Epoch: 4
             Train loss  Test loss  P (micro)  R (micro)  F1 (micro)  P (weighted)  R (weighted)  F1 (weighted)
Iteration 0    1.027130   1.095910   0.657439   0.657439    0.657439      0.655460      0.657439       0.631442
Iteration 1    1.024283   1.088618   0.663322   0.663322    0.663322      0.654609      0.663322       0.642774
Iteration 2    1.020215   1.095191   0.663668   0.663668    0.663668      0.656349      0.663668       0.640614
Iteration 3    1.023562   1.089310   0.664706   0.664706    0.664706      0.654389      0.664706       0.643953

