RESULTS REPORT
Model: RoBERTa
Encoder: roberta-base
Evaluation: test set (4 random seeds)
Train scheme: fine-tuning
Max sequence length: 512
Min context length: 250
Batch size: 4
Dropout rate: 0.1
Learning rate: 1e-05
Adam Epsilon: 1e-08
Use MLP: False
Weight decay: 0.001
Train time: 01h04m45s
GPU name: Quadro RTX 6000
GPU memory: 22.17

Averages:
Epoch Train loss   std    Test loss   std    P (micro) P std  R (micro) R std  F1 (micro) F1 std P (weighted) P std  R (weighted) R std  F1 (weighted) F1 std
  1    1.073255  0.010049  0.698390 0.064726   0.7817  0.0195   0.7817  0.0195   0.7817   0.0195    0.7678    0.0209    0.7817    0.0195     0.7588    0.0233
  2    0.742832  0.003308  0.620672 0.026152   0.8040  0.0088   0.8040  0.0088   0.8040   0.0088    0.8001    0.0099    0.8040    0.0088     0.7935    0.0110
  3    0.647348  0.002160  0.633085 0.015110   0.8106  0.0054   0.8106  0.0054   0.8106   0.0054    0.7996    0.0047    0.8106    0.0054     0.7955    0.0064
  4    0.574296  0.004180  0.593712 0.011289   0.8211  0.0048   0.8211  0.0048   0.8211   0.0048    0.8102    0.0072    0.8211    0.0048     0.8105    0.0051

*** Detailed report ***

Confusion matrices
------------------
ANALYSIS: 0 
ARG_PETITIONER: 1 
ARG_RESPONDENT: 2 
FAC: 3 
ISSUE: 4 
NONE: 5 
PREAMBLE: 6 
PRE_NOT_RELIED: 7 
PRE_RELIED: 8 
RATIO: 9 
RLC: 10 
RPC: 11 
STA: 12 
=> Iteration 0:
Epoch 1:
[[893  24   0  31   4   1   0   0  12  15   4   1   1]
 [ 23  29   0  11   1   0   0   0   5   0   0   0   1]
 [  6  30   0   2   0   0   0   0   0   0   0   0   0]
 [ 89  14   0 448   9   3   2   0   0   0  13   0   3]
 [  6   0   0   7  38   0   0   0   0   0   0   0   0]
 [  7   0   0   5   3 168   2   0   4   0   0   3   0]
 [  0   0   0  11   0   7 491   0   0   0   0   0   0]
 [ 11   1   0   0   0   0   0   0   0   0   0   0   0]
 [ 66   2   0   5   3   0   0   0  53   5   6   2   0]
 [ 36   0   0   0   0   0   0   0   0  25   0  11   0]
 [ 44   0   0  42   0   1   0   0   1   1  26   1   0]
 [  0   0   0   0   0   0   0   0   0   6   0  86   0]
 [ 20   0   0   0   0   0   0   0   0   1   0   1   7]]
Epoch 2:
[[912   7   2  14   1   0   1   0  27  13   6   1   2]
 [ 38  15   1   8   1   0   0   0   6   0   0   0   1]
 [  8  21   7   2   0   0   0   0   0   0   0   0   0]
 [ 87   2   0 452   5   4   2   0   0   0  25   0   4]
 [  6   0   0   9  36   0   0   0   0   0   0   0   0]
 [  5   0   0   3   1 167   9   0   4   0   0   3   0]
 [  0   0   0   2   0   3 502   0   0   0   2   0   0]
 [  8   1   0   0   0   0   0   0   3   0   0   0   0]
 [ 49   0   0   3   0   0   0   0  84   4   2   0   0]
 [ 35   0   0   0   0   0   0   0   0  35   0   2   0]
 [ 35   0   0  33   0   1   0   0   4   0  43   0   0]
 [  0   0   0   0   0   3   0   0   0  11   0  78   0]
 [ 15   0   0   0   0   0   0   0   0   1   0   1  12]]
Epoch 3:
[[909  21   0  13   0   0   1   0  12  26   2   1   1]
 [ 34  24   0   8   1   0   0   0   2   0   0   0   1]
 [  5  31   0   2   0   0   0   0   0   0   0   0   0]
 [ 76   7   1 475   5   3   0   0   0   0  10   0   4]
 [  7   0   0   7  37   0   0   0   0   0   0   0   0]
 [ 12   0   0   4   1 164   3   0   3   0   0   5   0]
 [  0   0   0   9   0   8 492   0   0   0   0   0   0]
 [  9   2   0   0   0   0   0   0   1   0   0   0   0]
 [ 73   0   0   3   0   0   0   0  60   6   0   0   0]
 [ 23   0   0   0   0   0   0   0   0  45   0   4   0]
 [ 37   4   0  55   0   0   0   0   1   0  19   0   0]
 [  0   0   0   0   0   0   0   0   0  10   0  82   0]
 [ 16   0   0   0   0   0   0   0   0   1   0   1  11]]
Epoch 4:
[[900  15   2  19   1   0   1   0  27  15   1   1   4]
 [ 28  19   2  12   2   0   0   0   6   0   0   0   1]
 [  5  28   3   2   0   0   0   0   0   0   0   0   0]
 [ 55   2   3 494   5   3   0   0   0   0  15   0   4]
 [  6   0   0   8  37   0   0   0   0   0   0   0   0]
 [  5   0   0   4   1 173   2   0   4   0   0   3   0]
 [  0   0   0   9   0   8 492   0   0   0   0   0   0]
 [  6   2   0   0   0   0   0   0   4   0   0   0   0]
 [ 51   0   0   4   0   0   0   0  84   3   0   0   0]
 [ 26   0   0   0   0   0   0   0   0  37   0   9   0]
 [ 25   4   0  47   0   0   0   0   9   0  31   0   0]
 [  0   0   0   0   0   1   0   0   0   7   0  84   0]
 [ 10   0   0   1   0   0   0   0   0   1   0   1  16]]
=> Iteration 1:
Epoch 1:
[[911   0   5  17   2   1   0   0  14  12   7   1  16]
 [ 47   1  11   3   1   0   0   0   6   0   0   0   1]
 [ 13   0  23   2   0   0   0   0   0   0   0   0   0]
 [ 89   0   1 458   8   4   1   0   0   0  16   0   4]
 [  8   0   0   9  34   0   0   0   0   0   0   0   0]
 [  6   0   0   4   2 168   0   0   4   0   0   8   0]
 [  0   0   0   2   0  19 488   0   0   0   0   0   0]
 [ 10   1   0   0   0   0   0   0   0   1   0   0   0]
 [ 65   0   0   5   0   0   0   0  65   2   3   2   0]
 [ 34   0   0   0   0   0   0   0   0  28   0  10   0]
 [ 44   0   0  45   0   1   0   0   0   0  25   1   0]
 [  0   0   0   0   0   1   0   0   0   4   0  87   0]
 [ 15   0   0   0   0   0   0   0   0   0   0   1  13]]
Epoch 2:
[[869  24   0  18   0   1   0   0  28  30   3   0  13]
 [ 24  27   0   6   2   0   0   0  10   0   0   0   1]
 [  7  27   2   2   0   0   0   0   0   0   0   0   0]
 [ 71  11   0 465   5   2   0   0   2   1  19   0   5]
 [  6   0   0   8  37   0   0   0   0   0   0   0   0]
 [  8   1   0   9   1 164   2   0   4   1   0   2   0]
 [  0   0   0   5   0   4 500   0   0   0   0   0   0]
 [  7   1   0   0   0   0   0   0   3   1   0   0   0]
 [ 45   2   0   5   0   0   0   0  84   5   1   0   0]
 [ 27   0   0   0   0   0   0   0   0  43   0   2   0]
 [ 31   2   0  36   0   0   0   0   8   0  39   0   0]
 [  0   0   0   0   0   1   0   0   0  18   0  73   0]
 [  6   0   0   0   0   0   0   0   0   1   0   1  21]]
Epoch 3:
[[906  19   0  26   0   1   0   0  18   9   1   1   5]
 [ 29  23   0  11   2   0   0   0   4   0   0   0   1]
 [  6  30   0   2   0   0   0   0   0   0   0   0   0]
 [ 52  12   0 494   5   5   0   0   0   0   9   0   4]
 [  7   0   0   6  38   0   0   0   0   0   0   0   0]
 [  8   0   0   3   1 176   0   0   3   0   0   1   0]
 [  0   0   0   9   0  10 490   0   0   0   0   0   0]
 [  8   2   0   0   0   0   0   0   2   0   0   0   0]
 [ 52   2   0   7   0   0   0   0  81   0   0   0   0]
 [ 35   0   0   0   0   0   0   0   0  29   0   8   0]
 [ 33   4   0  54   0   1   0   0   1   0  23   0   0]
 [  0   0   0   0   0   6   0   0   0   6   0  80   0]
 [ 11   0   0   1   0   0   0   0   0   0   0   1  16]]
Epoch 4:
[[896  18   2  31   0   0   1   0  15  15   1   1   6]
 [ 25  24   0  13   2   0   0   0   4   0   1   0   1]
 [  7  24   5   2   0   0   0   0   0   0   0   0   0]
 [ 40   7   0 505   5   4   0   0   0   0  16   0   4]
 [  6   0   0   8  37   0   0   0   0   0   0   0   0]
 [  4   0   0  10   0 171   1   0   3   0   0   3   0]
 [  0   0   0   5   0   5 499   0   0   0   0   0   0]
 [  8   2   0   0   0   0   0   0   2   0   0   0   0]
 [ 48   1   0   7   0   0   0   0  84   1   1   0   0]
 [ 29   0   0   0   0   0   0   0   0  36   0   7   0]
 [ 28   0   0  45   0   1   0   0   2   0  40   0   0]
 [  0   0   0   0   0   1   0   0   0   7   0  84   0]
 [ 11   0   0   1   0   0   0   0   0   1   0   1  15]]
=> Iteration 2:
Epoch 1:
[[936   3  11  13   0  10   1   0   7   2   2   1   0]
 [ 38   7   9  10   1   1   0   0   4   0   0   0   0]
 [  9   4  23   2   0   0   0   0   0   0   0   0   0]
 [ 94   2   1 449  10   3   4   0   1   0  13   0   4]
 [  6   0   0   8  37   0   0   0   0   0   0   0   0]
 [  2   0   0   4   3 164  12   0   4   0   0   3   0]
 [  0   0   0   4   0   0 505   0   0   0   0   0   0]
 [ 11   1   0   0   0   0   0   0   0   0   0   0   0]
 [ 73   0   0   6   0   0   0   0  54   0   9   0   0]
 [ 46   0   0   0   0   0   0   0   0  12   0  14   0]
 [ 41   0   0  38   0   1   0   0   3   0  28   5   0]
 [  0   0   0   0   0   3   0   0   0   3   0  86   0]
 [ 23   0   0   0   0   0   0   0   0   0   0   1   5]]
Epoch 2:
[[876  32   0  27   0  10   0   0   2  20   5   6   8]
 [ 36  27   0   2   1   2   0   0   1   0   0   0   1]
 [  5  31   0   2   0   0   0   0   0   0   0   0   0]
 [ 69   7   0 463   6   6   1   0   0   1  23   1   4]
 [  8   0   0   5  38   0   0   0   0   0   0   0   0]
 [  5   0   0   3   1 168   2   0   3   0   0  10   0]
 [  0   0   0   4   0   8 497   0   0   0   0   0   0]
 [  9   2   0   0   0   0   0   0   0   1   0   0   0]
 [ 87   0   0   6   0   0   0   0  35   4   9   1   0]
 [ 28   0   0   0   0   0   0   0   0  20   0  24   0]
 [ 32   0   0  26   0   1   0   0   0   0  51   6   0]
 [  0   0   0   0   0   0   0   0   0   1   0  91   0]
 [ 10   0   0   1   0   0   0   0   0   1   0   1  16]]
Epoch 3:
[[905   8   2  23   1   0   1   0  24  19   2   1   0]
 [ 33  17   1  12   1   0   0   0   5   0   0   0   1]
 [  8  27   1   2   0   0   0   0   0   0   0   0   0]
 [ 73   1   0 479   5   2   0   0   0   0  17   0   4]
 [  6   0   0   9  36   0   0   0   0   0   0   0   0]
 [  9   0   0   6   1 170   1   0   3   0   0   2   0]
 [  0   0   0  11   0   5 493   0   0   0   0   0   0]
 [  5   2   0   0   0   0   0   0   4   1   0   0   0]
 [ 44   0   0   4   0   0   0   0  88   5   1   0   0]
 [ 29   0   0   0   0   0   0   0   1  33   0   9   0]
 [ 29   0   0  42   0   0   0   0   4   0  41   0   0]
 [  0   0   0   0   0   1   0   0   0   8   0  83   0]
 [ 16   0   0   1   0   0   0   0   0   1   0   1  10]]
Epoch 4:
[[889  17   0  26   1   3   1   0  23  15   4   1   6]
 [ 26  22   1  11   3   2   0   0   4   0   0   0   1]
 [  5  30   1   2   0   0   0   0   0   0   0   0   0]
 [ 56   6   3 484   5   4   0   0   0   0  19   0   4]
 [  6   0   0   7  38   0   0   0   0   0   0   0   0]
 [  5   0   0   5   1 175   1   0   3   0   0   2   0]
 [  0   0   0   7   0   7 495   0   0   0   0   0   0]
 [  5   3   0   0   0   0   0   0   3   1   0   0   0]
 [ 49   1   0   3   0   0   0   0  82   3   4   0   0]
 [ 32   0   0   0   0   0   0   0   0  33   0   7   0]
 [ 26   2   0  37   0   0   0   0   4   0  47   0   0]
 [  0   0   0   0   0   1   0   0   0   7   0  84   0]
 [  9   0   0   1   0   0   0   0   0   1   0   1  17]]
=> Iteration 3:
Epoch 1:
[[814  52   1 110   0   1   0   0   1   6   0   1   0]
 [ 16  36   0  18   0   0   0   0   0   0   0   0   0]
 [  1  35   0   2   0   0   0   0   0   0   0   0   0]
 [ 33  13   0 525   5   2   0   0   0   0   0   0   3]
 [  7   1   0  14  29   0   0   0   0   0   0   0   0]
 [  4   0   0  25   0 156   0   0   2   0   0   5   0]
 [  0   0   0  17   0  19 473   0   0   0   0   0   0]
 [ 11   1   0   0   0   0   0   0   0   0   0   0   0]
 [ 99   0   0  23   0   0   0   0  15   3   1   1   0]
 [ 33   0   0   2   0   0   0   0   0  28   0   9   0]
 [ 36   4   0  76   0   0   0   0   0   0   0   0   0]
 [  0   0   0   0   0   0   0   0   0   7   0  85   0]
 [ 19   2   0   1   0   0   0   0   0   1   0   1   5]]
Epoch 2:
[[870   6   1  21   1   4   0   0  46  23   2   1  11]
 [ 29  11   5  11   2   2   0   0   9   0   0   0   1]
 [ 10  16  10   2   0   0   0   0   0   0   0   0   0]
 [ 75   1   0 471   5   4   0   0   0   0  20   0   5]
 [  6   0   0   8  37   0   0   0   0   0   0   0   0]
 [  6   0   0   3   2 171   1   0   4   0   0   5   0]
 [  0   0   0   6   0   8 495   0   0   0   0   0   0]
 [  6   1   0   0   0   0   0   0   5   0   0   0   0]
 [ 35   0   0   0   0   0   0   0 105   2   0   0   0]
 [ 28   0   0   0   0   0   0   0   0  39   0   5   0]
 [ 28   0   0  40   0   1   0   0  14   0  32   1   0]
 [  0   0   0   0   0   0   0   0   0   8   0  84   0]
 [  7   0   0   0   0   0   0   0   0   1   0   1  20]]
Epoch 3:
[[941   5   2  12   0   1   0   0  11   5   3   1   5]
 [ 43  14   3   4   1   0   0   0   4   0   0   0   1]
 [  9  18   9   2   0   0   0   0   0   0   0   0   0]
 [ 91   3   0 456   5   3   0   0   0   0  19   0   4]
 [  7   0   0   5  39   0   0   0   0   0   0   0   0]
 [ 12   0   0   3   1 167   3   0   3   0   0   3   0]
 [  0   0   0   7   0   7 494   0   0   0   1   0   0]
 [ 10   2   0   0   0   0   0   0   0   0   0   0   0]
 [ 79   0   0   2   0   0   0   0  58   3   0   0   0]
 [ 44   0   0   0   0   0   0   0   0  24   0   4   0]
 [ 38   4   0  33   0   1   0   0   3   0  37   0   0]
 [  0   0   0   0   0   1   0   0   0   8   0  83   0]
 [ 10   0   0   0   0   0   0   0   0   0   0   1  18]]
Epoch 4:
[[880  13   7  38   2   0   1   0  18  17   4   1   5]
 [ 25  15   7  13   2   1   0   0   6   0   0   0   1]
 [  4  21  11   2   0   0   0   0   0   0   0   0   0]
 [ 46   2   1 506   5   4   0   0   0   0  13   0   4]
 [  6   0   0   8  37   0   0   0   0   0   0   0   0]
 [  7   0   0   5   2 169   3   0   3   0   0   3   0]
 [  0   0   0   7   0   7 495   0   0   0   0   0   0]
 [  7   2   0   0   0   0   0   0   3   0   0   0   0]
 [ 54   0   0   4   0   0   0   0  79   4   1   0   0]
 [ 30   0   0   1   0   0   0   0   0  33   0   8   0]
 [ 31   0   0  48   0   0   0   0   5   0  32   0   0]
 [  0   0   0   0   0   0   0   0   0   7   0  85   0]
 [  9   0   0   1   0   0   0   0   0   1   0   1  17]]

Scores
------
Epoch: 1
             Train loss  Test loss  P (micro)  R (micro)  F1 (micro)  P (weighted)  R (weighted)  F1 (weighted)
Iteration 0    1.068041   0.666010   0.783391   0.783391    0.783391      0.768932      0.783391       0.766891
Iteration 1    1.089758   0.639590   0.796194   0.796194    0.796194      0.784348      0.796194       0.776250
Iteration 2    1.063101   0.680360   0.797924   0.797924    0.797924      0.784630      0.797924       0.773296
Iteration 3    1.072119   0.807601   0.749481   0.749481    0.749481      0.733349      0.749481       0.718813

Epoch: 2
             Train loss  Test loss  P (micro)  R (micro)  F1 (micro)  P (weighted)  R (weighted)  F1 (weighted)
Iteration 0    0.747144   0.600190   0.810727   0.810727    0.810727      0.801913      0.810727       0.799673
Iteration 1    0.744856   0.614612   0.804152   0.804152    0.804152      0.812053      0.804152       0.798638
Iteration 2    0.738954   0.664986   0.789619   0.789619    0.789619      0.784537      0.789619       0.774536
Iteration 3    0.740372   0.602899   0.811419   0.811419    0.811419      0.801889      0.811419       0.801156

Epoch: 3
             Train loss  Test loss  P (micro)  R (micro)  F1 (micro)  P (weighted)  R (weighted)  F1 (weighted)
Iteration 0    0.644945   0.640895   0.802076   0.802076    0.802076      0.791568      0.802076       0.785649
Iteration 1    0.646739   0.608150   0.815225   0.815225    0.815225      0.802087      0.815225       0.799706
Iteration 2    0.646859   0.648122   0.815225   0.815225    0.815225      0.801415      0.815225       0.802382
Iteration 3    0.650852   0.635174   0.809689   0.809689    0.809689      0.803416      0.809689       0.794398

Epoch: 4
             Train loss  Test loss  P (micro)  R (micro)  F1 (micro)  P (weighted)  R (weighted)  F1 (weighted)
Iteration 0    0.576875   0.602730   0.820069   0.820069    0.820069      0.807930      0.820069       0.808400
Iteration 1    0.570649   0.574685   0.829066   0.829066    0.829066      0.822368      0.829066       0.818927
Iteration 2    0.579798   0.595859   0.819031   0.819031    0.819031      0.807084      0.819031       0.809744
Iteration 3    0.569860   0.601573   0.816263   0.816263    0.816263      0.803586      0.816263       0.805029

