RESULTS REPORT
Model: RoBERTa
Encoder: roberta-base
Evaluation: test set (4 random seeds)
Train scheme: fine-tuning
Max sequence length: 512
Min context length: 100
Batch size: 4
Dropout rate: 0.1
Learning rate: 1e-05
Adam Epsilon: 1e-08
Use MLP: False
Weight decay: 0.001
Train time: 00h40m37s
GPU name: Quadro RTX 6000
GPU memory: 22.17

Averages:
Epoch Train loss   std    Test loss   std    P (micro) P std  R (micro) R std  F1 (micro) F1 std P (weighted) P std  R (weighted) R std  F1 (weighted) F1 std
  1    1.178351  0.022926  0.783543 0.047566   0.7458  0.0207   0.7458  0.0207   0.7458   0.0207    0.7347    0.0107    0.7458    0.0207     0.7268    0.0169
  2    0.783138  0.002823  0.680937 0.022490   0.7877  0.0054   0.7877  0.0054   0.7877   0.0054    0.7780    0.0105    0.7877    0.0054     0.7686    0.0159
  3    0.669873  0.004640  0.632876 0.031458   0.8026  0.0075   0.8026  0.0075   0.8026   0.0075    0.7898    0.0080    0.8026    0.0075     0.7858    0.0106
  4    0.587443  0.007328  0.621632 0.006108   0.8101  0.0039   0.8101  0.0039   0.8101   0.0039    0.7983    0.0046    0.8101    0.0039     0.7969    0.0045

*** Detailed report ***

Confusion matrices
------------------
ANALYSIS: 0 
ARG_PETITIONER: 1 
ARG_RESPONDENT: 2 
FAC: 3 
ISSUE: 4 
NONE: 5 
PREAMBLE: 6 
PRE_NOT_RELIED: 7 
PRE_RELIED: 8 
RATIO: 9 
RLC: 10 
RPC: 11 
STA: 12 
=> Iteration 0:
Epoch 1:
[[608  52   4 135   5   0   2   0 144  22   0   1  13]
 [  7  27   0  21   1   0   0   0  14   0   0   0   0]
 [  3  32   0   3   0   0   0   0   0   0   0   0   0]
 [ 38   8   0 512  10   3   1   0   4   0   0   0   5]
 [  4   2   0  10  34   0   0   0   1   0   0   0   0]
 [  2   0   0  14   4 138  27   0   5   0   0   2   0]
 [  0   0   0   4   0   1 504   0   0   0   0   0   0]
 [  1   0   0   0   0   0   0   0  11   0   0   0   0]
 [ 12   2   0  11   0   0   0   0 112   4   0   1   0]
 [ 17   0   0   1   0   0   0   0  13  30   0  11   0]
 [ 22   6   0  74   0   0   0   0  14   0   0   0   0]
 [  0   0   0   0   0   2   0   0   0  15   0  75   0]
 [  4   2   0   2   0   0   0   0   6   1   0   1  13]]
Epoch 2:
[[935  11   0  19   0   0   1   0   2  12   5   1   0]
 [ 47  13   0   7   1   1   0   0   0   0   1   0   0]
 [ 10  26   0   2   0   0   0   0   0   0   0   0   0]
 [ 91   6   0 451   6   4   0   0   0   0  20   0   3]
 [  7   0   0  10  34   0   0   0   0   0   0   0   0]
 [  9   0   0   4   2 168   2   0   4   0   0   3   0]
 [  0   0   0   4   0   7 497   0   0   0   1   0   0]
 [ 12   0   0   0   0   0   0   0   0   0   0   0   0]
 [ 90   0   0   5   0   0   0   0  38   3   4   2   0]
 [ 34   0   0   0   0   0   0   0   0  27   0  11   0]
 [ 44   0   0  33   0   0   0   0   2   0  37   0   0]
 [  0   0   0   0   0   1   0   0   0   6   0  85   0]
 [ 22   0   0   0   0   0   0   0   0   1   0   1   5]]
Epoch 3:
[[920  13   0  10   0   0   1   0  29  13   0   0   0]
 [ 39  16   0   7   1   0   0   0   6   0   0   0   1]
 [ 11  22   3   2   0   0   0   0   0   0   0   0   0]
 [ 99   5   2 454   6   2   0   0   0   0   9   0   4]
 [  6   0   0   9  36   0   0   0   0   0   0   0   0]
 [  9   0   0   9   2 163   1   0   5   0   0   3   0]
 [  0   0   0  12   0   5 492   0   0   0   0   0   0]
 [  7   1   0   0   0   0   0   0   4   0   0   0   0]
 [ 58   0   0   5   0   0   0   0  75   3   0   1   0]
 [ 40   0   0   0   0   0   0   0   0  28   0   4   0]
 [ 46   0   0  50   0   0   0   0   8   0  12   0   0]
 [  0   0   0   0   0   0   0   0   0  12   0  80   0]
 [ 17   0   0   0   0   0   0   0   0   0   0   1  11]]
Epoch 4:
[[896  13   0  31   2   0   1   0  20  19   3   0   1]
 [ 28  20   0  13   1   1   0   0   6   0   0   0   1]
 [  7  24   5   2   0   0   0   0   0   0   0   0   0]
 [ 56   5   2 492   6   4   0   0   0   0  12   0   4]
 [  6   0   0   7  38   0   0   0   0   0   0   0   0]
 [  3   0   0   5   3 171   2   0   5   0   0   3   0]
 [  0   0   0   9   0   3 497   0   0   0   0   0   0]
 [  8   2   0   0   0   0   0   0   2   0   0   0   0]
 [ 63   0   0   5   0   0   0   0  65   4   4   1   0]
 [ 38   0   0   0   0   0   0   0   0  29   0   5   0]
 [ 38   0   0  49   0   0   0   0   4   0  25   0   0]
 [  0   0   0   0   0   1   0   0   0   9   0  82   0]
 [ 11   0   0   1   0   0   0   0   0   1   0   1  15]]
=> Iteration 1:
Epoch 1:
[[862  24   0  32   6   1   0   0   6  32  22   1   0]
 [ 25  20   0  14   0   0   0   0   4   0   6   0   1]
 [ 16  19   0   2   0   0   0   0   0   0   1   0   0]
 [ 72   3   0 416   8   5   4   0   0   0  68   2   3]
 [  7   1   0   4  34   2   0   0   0   0   3   0   0]
 [  3   0   0   3   3 158   6   0   4   0   3  12   0]
 [  0   0   0   4   0  13 491   0   0   0   1   0   0]
 [ 11   0   0   0   0   0   0   0   0   1   0   0   0]
 [ 85   0   0   4   0   0   0   0  34   4  13   2   0]
 [ 24   0   0   0   0   0   0   0   0  26   0  22   0]
 [ 40   0   0  23   0   0   0   0   0   0  51   2   0]
 [  0   0   0   0   0   0   0   0   0   2   0  90   0]
 [ 20   1   0   0   0   0   0   0   1   1   1   1   4]]
Epoch 2:
[[947   3   0  20   0   1   1   0   0   7   5   1   1]
 [ 52   6   0   9   1   0   0   0   1   0   0   0   1]
 [ 26  10   0   2   0   0   0   0   0   0   0   0   0]
 [ 82   3   0 472   6   3   0   0   0   0  11   0   4]
 [  7   0   0  10  34   0   0   0   0   0   0   0   0]
 [ 13   0   0   5   1 165   6   0   0   0   0   2   0]
 [  0   0   0  10   0   3 496   0   0   0   0   0   0]
 [ 12   0   0   0   0   0   0   0   0   0   0   0   0]
 [109   0   0   8   0   0   0   0  14   3   6   2   0]
 [ 38   0   0   0   0   0   0   0   0  25   0   9   0]
 [ 45   0   0  52   0   0   0   0   0   0  19   0   0]
 [  0   0   0   0   0   5   0   0   0   8   0  79   0]
 [ 22   0   0   0   0   0   0   0   0   0   0   1   6]]
Epoch 3:
[[894  10   1  23   2   0   1   0  24  18   8   1   4]
 [ 25  22   0  13   2   0   0   0   4   0   3   0   1]
 [  9  23   4   2   0   0   0   0   0   0   0   0   0]
 [ 57   4   1 485   7   2   0   0   0   0  21   0   4]
 [  5   0   0   9  37   0   0   0   0   0   0   0   0]
 [  9   0   0   8   2 162   4   0   4   0   0   3   0]
 [  0   0   0   7   0   2 500   0   0   0   0   0   0]
 [  8   1   0   0   0   0   0   0   2   1   0   0   0]
 [ 47   0   0   5   0   0   0   0  80   3   6   1   0]
 [ 33   0   0   0   0   0   0   0   0  31   0   8   0]
 [ 25   0   0  43   0   0   0   0  10   0  38   0   0]
 [  0   0   0   0   0   1   0   0   0   6   0  85   0]
 [ 14   0   0   0   0   0   0   0   0   1   0   1  13]]
Epoch 4:
[[891  20   3  27   2   1   0   0  14  18   6   1   3]
 [ 23  27   1  13   1   0   0   0   2   0   2   0   1]
 [  4  24   8   2   0   0   0   0   0   0   0   0   0]
 [ 43   5   2 503   6   3   0   0   0   0  15   0   4]
 [  5   0   0   9  37   0   0   0   0   0   0   0   0]
 [  8   0   0   5   1 170   1   0   3   1   0   3   0]
 [  0   0   0   6   0   4 499   0   0   0   0   0   0]
 [ 10   1   0   0   0   0   0   0   0   1   0   0   0]
 [ 68   0   0   6   0   0   0   0  55   4   8   1   0]
 [ 32   0   0   0   0   0   0   0   0  33   0   7   0]
 [ 32   0   0  42   0   1   0   0   3   0  38   0   0]
 [  0   0   0   0   0   1   0   0   0   7   0  84   0]
 [ 14   0   0   1   0   0   0   0   0   1   0   1  12]]
=> Iteration 2:
Epoch 1:
[[867  43   7  35   0   0   1   0   9  19   5   0   0]
 [ 23  26   0  14   1   0   0   0   4   0   1   0   1]
 [  7  29   0   2   0   0   0   0   0   0   0   0   0]
 [ 87   3   0 474   6   2   1   0   0   0   4   0   4]
 [  6   0   1  10  34   0   0   0   0   0   0   0   0]
 [  3   0   0  19   2 147  15   0   4   1   0   1   0]
 [  0   0   0   6   0   1 502   0   0   0   0   0   0]
 [  9   2   0   0   0   0   0   0   0   1   0   0   0]
 [ 70   4   0  12   0   0   0   0  41   4   9   2   0]
 [ 29   0   0   0   0   0   0   0   0  38   0   5   0]
 [ 40   1   0  74   0   0   0   0   0   0   0   1   0]
 [  0   0   0   0   0   5   0   0   0  17   0  70   0]
 [ 20   1   0   0   0   0   0   0   1   1   0   0   6]]
Epoch 2:
[[835  13   4  17   5   6   1   0  41  41   5   1  17]
 [ 27  25   2   3   2   1   0   0   7   0   2   0   1]
 [  8  22   6   2   0   0   0   0   0   0   0   0   0]
 [ 77   9   4 444  12   6   0   0   0   1  23   0   5]
 [  6   0   0   7  38   0   0   0   0   0   0   0   0]
 [  3   0   0   3   4 175   0   0   5   0   0   2   0]
 [  0   0   0   0   0   5 504   0   0   0   0   0   0]
 [  2   2   0   0   0   0   0   0   7   1   0   0   0]
 [ 37   3   0   4   0   0   0   0  85   5   7   1   0]
 [ 19   0   0   0   0   0   0   0   4  40   0   9   0]
 [ 30   0   0  27   0   1   0   0  11   0  41   6   0]
 [  0   0   0   0   0   1   0   0   0  10   0  81   0]
 [  4   0   0   0   0   0   0   0   3   1   0   1  20]]
Epoch 3:
[[917  20   0  17   1   4   1   0   6  14   4   1   1]
 [ 32  25   0  10   1   0   0   0   1   0   0   0   1]
 [  9  27   0   2   0   0   0   0   0   0   0   0   0]
 [ 71   6   0 480   5   4   0   0   0   0  11   0   4]
 [  6   0   0  10  35   0   0   0   0   0   0   0   0]
 [  3   0   0   5   2 174   2   0   4   0   0   2   0]
 [  0   0   0   4   0   3 502   0   0   0   0   0   0]
 [  9   2   0   0   0   0   0   0   1   0   0   0   0]
 [ 69   3   0   7   0   0   0   0  52   3   6   2   0]
 [ 35   0   0   0   0   0   0   0   0  29   0   8   0]
 [ 42   0   0  58   0   0   0   0   0   0  16   0   0]
 [  0   0   0   0   0   2   0   0   0   9   0  81   0]
 [ 15   0   0   1   0   0   0   0   0   1   0   1  11]]
Epoch 4:
[[880  30   1  21   0   2   1   0  24  18   4   1   4]
 [ 21  28   0  14   1   0   0   0   5   0   0   0   1]
 [  3  31   1   3   0   0   0   0   0   0   0   0   0]
 [ 57   5   1 492   5   4   0   0   0   0  13   0   4]
 [  6   0   0  10  35   0   0   0   0   0   0   0   0]
 [  3   0   0   8   2 167   4   0   5   0   0   3   0]
 [  0   0   0   5   0   3 501   0   0   0   0   0   0]
 [  6   2   0   0   0   0   0   0   4   0   0   0   0]
 [ 54   1   0   5   0   0   0   0  71   3   6   2   0]
 [ 35   0   0   0   0   0   0   0   0  30   0   7   0]
 [ 34   0   0  50   0   0   0   0   4   0  28   0   0]
 [  0   0   0   0   0   2   0   0   0   9   0  81   0]
 [ 13   0   0   1   0   0   0   0   0   1   0   1  13]]
=> Iteration 3:
Epoch 1:
[[809  29   2 124   4   3   0   0   1  10   3   1   0]
 [ 22  23   2  20   1   1   0   0   0   0   0   0   1]
 [  6  28   1   3   0   0   0   0   0   0   0   0   0]
 [ 30   3   1 521   6   8   2   0   0   1   5   0   4]
 [  6   1   0  10  32   2   0   0   0   0   0   0   0]
 [  4   0   0  10   1 161   8   0   2   0   0   6   0]
 [  0   0   0   8   0  12 489   0   0   0   0   0   0]
 [ 11   1   0   0   0   0   0   0   0   0   0   0   0]
 [ 97   0   0  13   0   1   0   0  25   2   2   2   0]
 [ 31   0   0   1   0   0   0   0   0  22   0  18   0]
 [ 39   0   0  75   0   1   0   0   0   0   0   1   0]
 [  0   0   0   0   0   2   0   0   0   3   0  87   0]
 [ 17   2   0   2   0   0   0   0   0   0   0   1   7]]
Epoch 2:
[[908  17   0  19   0   0   1   0  14  22   4   1   0]
 [ 45  19   0   2   1   0   0   0   2   0   0   0   1]
 [  7  29   0   2   0   0   0   0   0   0   0   0   0]
 [ 97   8   0 424   7   5   0   0   0   2  34   0   4]
 [  9   1   0   7  34   0   0   0   0   0   0   0   0]
 [ 10   0   0   3   2 161   8   0   3   1   0   4   0]
 [  0   0   0   2   0   6 501   0   0   0   0   0   0]
 [ 12   0   0   0   0   0   0   0   0   0   0   0   0]
 [ 70   0   0   4   0   0   0   0  60   3   3   2   0]
 [ 31   0   0   0   0   0   0   0   0  29   0  12   0]
 [ 48   0   0  28   0   1   0   0   3   0  36   0   0]
 [  0   0   0   0   0   2   0   0   0   9   0  81   0]
 [ 20   1   0   0   0   0   0   0   0   1   0   1   6]]
Epoch 3:
[[929   7   6  16   0   0   1   0   7  12   5   1   2]
 [ 40   6  15   3   1   0   0   0   1   0   3   0   1]
 [  9   6  21   2   0   0   0   0   0   0   0   0   0]
 [ 75   2   3 453   6   3   0   0   0   1  34   0   4]
 [  6   0   0   9  36   0   0   0   0   0   0   0   0]
 [ 10   0   0   5   2 161   5   0   4   0   0   5   0]
 [  0   0   0  11   0   3 494   0   0   0   1   0   0]
 [ 12   0   0   0   0   0   0   0   0   0   0   0   0]
 [ 77   0   0   4   0   0   0   0  51   3   5   2   0]
 [ 38   0   0   0   0   0   0   0   0  25   0   9   0]
 [ 40   0   0  31   0   0   0   0   2   0  43   0   0]
 [  0   0   0   0   0   0   0   0   0   6   0  86   0]
 [ 17   0   0   0   0   0   0   0   0   1   0   1  10]]
Epoch 4:
[[893  15   3  33   0   1   1   0  12  22   2   1   3]
 [ 32  21   2  11   1   0   0   0   2   0   0   0   1]
 [  5  25   6   2   0   0   0   0   0   0   0   0   0]
 [ 43   5   2 504   6   3   0   0   0   1  13   0   4]
 [  6   0   0   9  36   0   0   0   0   0   0   0   0]
 [  5   0   0   7   2 165   5   0   4   1   0   3   0]
 [  0   0   0   7   0   3 499   0   0   0   0   0   0]
 [  9   2   0   0   0   0   0   0   1   0   0   0   0]
 [ 62   0   0   5   0   0   0   0  65   3   5   2   0]
 [ 31   0   0   0   0   0   0   0   0  33   0   8   0]
 [ 37   0   0  51   0   0   0   0   4   0  24   0   0]
 [  0   0   0   0   0   1   0   0   0   6   0  85   0]
 [ 12   0   0   0   0   0   0   0   0   1   0   1  15]]

Scores
------
Epoch: 1
             Train loss  Test loss  P (micro)  R (micro)  F1 (micro)  P (weighted)  R (weighted)  F1 (weighted)
Iteration 0    1.191630   0.865564   0.710381   0.710381    0.710381      0.723508      0.710381       0.701117
Iteration 1    1.186003   0.756961   0.756401   0.756401    0.756401      0.751921      0.756401       0.743504
Iteration 2    1.139176   0.762134   0.762976   0.762976    0.762976      0.734898      0.762976       0.740470
Iteration 3    1.196593   0.749514   0.753287   0.753287    0.753287      0.728611      0.753287       0.722157

Epoch: 2
             Train loss  Test loss  P (micro)  R (micro)  F1 (micro)  P (weighted)  R (weighted)  F1 (weighted)
Iteration 0    0.785807   0.709127   0.792388   0.792388    0.792388      0.779678      0.792388       0.770161
Iteration 1    0.778617   0.680821   0.783045   0.783045    0.783045      0.767389      0.783045       0.746020
Iteration 2    0.785207   0.687326   0.793772   0.793772    0.793772      0.794381      0.793772       0.790980
Iteration 3    0.782921   0.646475   0.781661   0.781661    0.781661      0.770471      0.781661       0.767135

Epoch: 3
             Train loss  Test loss  P (micro)  R (micro)  F1 (micro)  P (weighted)  R (weighted)  F1 (weighted)
Iteration 0    0.662644   0.661480   0.792388   0.792388    0.792388      0.782114      0.792388       0.772935
Iteration 1    0.669542   0.581543   0.813495   0.813495    0.813495      0.802188      0.813495       0.802423
Iteration 2    0.675260   0.633133   0.803460   0.803460    0.803460      0.783489      0.803460       0.782623
Iteration 3    0.672045   0.655348   0.801038   0.801038    0.801038      0.791454      0.801038       0.785172

Epoch: 4
             Train loss  Test loss  P (micro)  R (micro)  F1 (micro)  P (weighted)  R (weighted)  F1 (weighted)
Iteration 0    0.583284   0.629145   0.807958   0.807958    0.807958      0.795859      0.807958       0.793152
Iteration 1    0.586747   0.615132   0.815571   0.815571    0.815571      0.805565      0.815571       0.804143
Iteration 2    0.599495   0.626127   0.805190   0.805190    0.805190      0.793098      0.805190       0.792947
Iteration 3    0.580248   0.616123   0.811765   0.811765    0.811765      0.798641      0.811765       0.797496

