RESULTS REPORT
Model: RoBERTa
Encoder: roberta-base
Evaluation: test set (4 random seeds)
Train scheme: fine-tuning
Max sequence length: 512
Min context length: 350
Batch size: 4
Dropout rate: 0.1
Learning rate: 1e-05
Adam Epsilon: 1e-08
Use MLP: False
Weight decay: 0.001
Train time: 02h32m05s
GPU name: NVIDIA GeForce GTX 1080 Ti
GPU memory: 10.92

Averages:
Epoch Train loss    std    Test loss    std    P (micro)  P std  R (micro)  R std  F1 (micro)  F1 std P (weighted)  P std  R (weighted)  R std  F1 (weighted)  F1 std
   1   1.003138   0.006434  0.730828  0.025650   0.7730   0.0125   0.7730   0.0125   0.7730    0.0125    0.7728     0.0041    0.7730     0.0125     0.7574     0.0032
   2   0.750790   0.007915  0.681243  0.055990   0.7957   0.0133   0.7957   0.0133   0.7957    0.0133    0.7878     0.0091    0.7957     0.0133     0.7757     0.0202
   3   0.685095   0.007589  0.669132  0.025944   0.7870   0.0148   0.7870   0.0148   0.7870    0.0148    0.7791     0.0114    0.7870     0.0148     0.7758     0.0146
   4   0.616994   0.006317  0.645074  0.009349   0.8019   0.0027   0.8019   0.0027   0.8019    0.0027    0.7894     0.0029    0.8019     0.0027     0.7915     0.0018

*** Detailed report ***

Confusion matrices
------------------
ANALYSIS: 0 
ARG_PETITIONER: 1 
ARG_RESPONDENT: 2 
FAC: 3 
ISSUE: 4 
NONE: 5 
PREAMBLE: 6 
PRE_NOT_RELIED: 7 
PRE_RELIED: 8 
RATIO: 9 
RLC: 10 
RPC: 11 
STA: 12 
=> Iteration 0:
Epoch 1:
[[892  19   0  59   0  10   1   0   3   1   0   1   0]
 [ 24  25   0  17   1   1   0   0   2   0   0   0   0]
 [ 10  25   0   3   0   0   0   0   0   0   0   0   0]
 [ 59   3   0 498   5   5   2   0   0   0   6   0   3]
 [  8   0   0   5  38   0   0   0   0   0   0   0   0]
 [  4   0   0   2   1 175   4   0   3   0   0   3   0]
 [  0   0   0   0   0   2 507   0   0   0   0   0   0]
 [ 11   1   0   0   0   0   0   0   0   0   0   0   0]
 [ 86   0   0   7   0   0   0   0  49   0   0   0   0]
 [ 49   0   0   0   0   0   0   0   0  12   0  11   0]
 [ 37   0   0  73   0   1   0   0   0   0   5   0   0]
 [  2   0   0   0   0   2   0   0   0   4   0  84   0]
 [ 23   0   0   0   0   0   0   0   0   0   0   1   5]]
Epoch 2:
[[908   7  11  28   2   0   1   0  16  11   1   0   1]
 [ 31   9  16   3   4   0   0   0   6   0   0   0   1]
 [ 11   0  25   2   0   0   0   0   0   0   0   0   0]
 [ 73   3  10 456   6   6   1   0   0   0  22   0   4]
 [  7   0   0   5  39   0   0   0   0   0   0   0   0]
 [  6   0   0   2   3 171   4   0   3   0   0   3   0]
 [  1   0   0   1   0   4 501   0   0   0   2   0   0]
 [ 10   1   0   0   0   0   0   0   1   0   0   0   0]
 [ 65   0   0   4   0   0   0   0  72   1   0   0   0]
 [ 38   0   0   0   0   0   0   0   0  33   0   1   0]
 [ 31   0   0  42   1   0   0   0   7   0  35   0   0]
 [  0   0   0   0   0   2   0   0   0  12   0  78   0]
 [ 12   0   0   0   0   0   0   0   1   0   0   1  15]]
Epoch 3:
[[916   5   1  20   1   7   0   0  17  13   0   2   4]
 [ 45   5   2   6   2   1   0   0   8   0   0   0   1]
 [ 16   5  15   2   0   0   0   0   0   0   0   0   0]
 [101   3   0 434   6   6   0   0   4   0  23   0   4]
 [  8   0   0   7  36   0   0   0   0   0   0   0   0]
 [  5   0   0   1   2 178   0   0   4   0   0   2   0]
 [  0   0   0   5   0  11 489   0   1   0   3   0   0]
 [  8   0   0   0   0   0   0   0   4   0   0   0   0]
 [ 57   0   0   2   0   0   0   0  82   1   0   0   0]
 [ 37   0   0   0   0   0   0   0   0  28   0   7   0]
 [ 30   0   0  32   1   1   0   0  13   0  39   0   0]
 [  0   0   0   0   0   5   0   0   0   8   0  79   0]
 [ 11   0   0   1   0   0   0   0   0   0   0   1  16]]
Epoch 4:
[[841  19   4  50   4   5   1   0  27  23   1   2   9]
 [ 28  17   3   8   2   1   0   0  10   0   0   0   1]
 [ 10  20   6   2   0   0   0   0   0   0   0   0   0]
 [ 60   4   1 486   5   4   0   0   0   0  16   1   4]
 [  7   0   0   7  37   0   0   0   0   0   0   0   0]
 [  4   0   0   4   2 172   3   0   4   0   0   3   0]
 [  0   0   0   4   0   4 500   0   0   0   1   0   0]
 [  3   3   0   0   0   0   0   0   5   1   0   0   0]
 [ 48   0   0   6   0   0   0   0  86   2   0   0   0]
 [ 26   0   0   0   0   0   0   0   2  33   0  11   0]
 [ 23   0   0  48   1   0   0   0  11   0  33   0   0]
 [  0   0   0   0   0   2   0   0   0   5   0  85   0]
 [  9   0   0   1   0   0   0   0   0   0   0   1  18]]
=> Iteration 1:
Epoch 1:
[[805  21   0  14   0  14   0   0  45  75   7   2   3]
 [ 20  29   0   4   2   2   0   0  11   0   2   0   0]
 [  7  29   0   2   0   0   0   0   0   0   0   0   0]
 [ 71  11   0 447  10   9   0   0   1   6  20   2   4]
 [  7   0   0   4  38   2   0   0   0   0   0   0   0]
 [  3   0   0   2   2 175   0   0   4   2   0   4   0]
 [  1   0   0  12   0  49 434   0  13   0   0   0   0]
 [  3   0   0   0   0   0   0   0   8   1   0   0   0]
 [ 37   0   0   3   0   0   0   0  92   6   3   1   0]
 [  9   0   0   0   0   0   0   0   1  54   0   8   0]
 [ 23   0   0  38   0   1   0   0  15   1  35   3   0]
 [  0   0   0   0   0   2   0   0   0  12   0  78   0]
 [ 12   0   0   1   0   0   0   0   3   1   0   1  11]]
Epoch 2:
[[938  11   0   9   1   5   0   0   4  16   0   1   1]
 [ 50  11   0   2   2   1   0   0   2   0   1   0   1]
 [ 13  23   0   2   0   0   0   0   0   0   0   0   0]
 [128   4   0 395   8   5   0   0   0   0  36   1   4]
 [  7   0   0   4  40   0   0   0   0   0   0   0   0]
 [  9   0   0   0   1 177   0   0   2   0   0   3   0]
 [  0   1   0   5   0  13 488   0   0   0   2   0   0]
 [ 11   1   0   0   0   0   0   0   0   0   0   0   0]
 [ 95   0   0   0   0   0   0   0  44   3   0   0   0]
 [ 34   0   0   0   0   0   0   0   0  30   0   8   0]
 [ 41   0   0  18   1   0   0   0   6   0  50   0   0]
 [  0   0   0   0   0   1   0   0   0  12   0  79   0]
 [ 13   0   0   0   0   0   0   0   0   0   0   1  15]]
Epoch 3:
[[860  10  14  32   1   3   1   0  35  13   5   2  10]
 [ 32  12  10   4   2   1   0   0   7   0   1   0   1]
 [ 10  17   9   2   0   0   0   0   0   0   0   0   0]
 [ 66   1   5 464   5   4   2   0   0   1  26   3   4]
 [  6   0   0   8  37   0   0   0   0   0   0   0   0]
 [  3   0   0   5   1 162  13   0   4   0   0   4   0]
 [  0   0   0   0   0   0 509   0   0   0   0   0   0]
 [  5   1   0   0   0   0   0   0   6   0   0   0   0]
 [ 48   0   0   6   0   0   0   0  87   1   0   0   0]
 [ 34   0   1   0   0   0   0   0   1  24   0  12   0]
 [ 23   0   0  34   1   0   0   0  13   0  45   0   0]
 [  0   0   0   0   0   1   0   0   0   3   0  88   0]
 [  7   0   0   1   0   0   0   0   0   0   0   1  20]]
Epoch 4:
[[865  23   2  35   3   4   1   0  26  17   2   1   7]
 [ 31  19   0   8   2   1   0   0   8   0   0   0   1]
 [  7  26   3   2   0   0   0   0   0   0   0   0   0]
 [ 67   7   0 468   5   4   0   0   1   2  21   2   4]
 [  6   0   0   8  37   0   0   0   0   0   0   0   0]
 [  4   0   0   5   1 177   1   0   3   0   0   1   0]
 [  0   1   0   8   0   4 496   0   0   0   0   0   0]
 [  8   1   0   0   0   0   0   0   3   0   0   0   0]
 [ 51   1   0   6   0   0   0   0  81   3   0   0   0]
 [ 32   0   0   0   0   0   0   0   0  29   0  11   0]
 [ 23   0   0  41   1   1   0   0  14   0  36   0   0]
 [  0   0   0   0   0   3   0   0   0   5   0  84   0]
 [  8   0   0   1   0   0   0   0   0   0   0   1  19]]
=> Iteration 2:
Epoch 1:
[[835  40   0  48   1   4   0   0  39   8   0   1  10]
 [ 17  36   0   5   2   0   0   0   9   0   0   0   1]
 [  5  31   0   2   0   0   0   0   0   0   0   0   0]
 [ 71  15   0 472   6  10   0   0   0   0   3   0   4]
 [  6   0   0   5  38   2   0   0   0   0   0   0   0]
 [  7   0   0   2   3 171   2   0   4   0   0   3   0]
 [  0   2   0   8   0  18 481   0   0   0   0   0   0]
 [  5   1   0   0   0   0   0   0   6   0   0   0   0]
 [ 45   7   0   5   0   0   0   0  82   0   0   3   0]
 [ 41   0   0   0   0   0   0   0   0  16   0  15   0]
 [ 29   6   0  60   0   4   0   0  12   0   5   0   0]
 [  0   0   0   0   0   1   0   0   0   2   0  89   0]
 [ 11   1   0   0   0   0   0   0   0   0   0   1  16]]
Epoch 2:
[[885   1   2  37   3   8   0   0  18  12   1   1  18]
 [ 40   3   6  11   2   1   0   0   6   0   0   0   1]
 [ 17   6  13   2   0   0   0   0   0   0   0   0   0]
 [ 65   0   1 483   5   4   0   0   1   0  17   1   4]
 [  5   0   0   9  36   0   0   0   0   0   0   0   1]
 [  6   0   0   5   1 170   3   0   3   0   0   4   0]
 [  0   0   0   5   0   5 499   0   0   0   0   0   0]
 [  6   1   0   0   0   0   0   0   5   0   0   0   0]
 [ 53   0   0   7   0   0   0   0  79   3   0   0   0]
 [ 39   0   0   0   0   0   0   0   0  27   0   6   0]
 [ 30   0   0  43   0   1   0   0   7   0  35   0   0]
 [  0   0   0   0   0   0   0   0   0  10   0  82   0]
 [  6   0   0   1   0   0   0   0   0   0   0   1  21]]
Epoch 3:
[[762  41   3  83   5  11   0   0  24  37   4   6  10]
 [ 13  29   0  18   2   1   0   0   6   0   0   0   1]
 [  6  29   0   3   0   0   0   0   0   0   0   0   0]
 [ 39  13   0 492   6   3   0   0   0   0  23   1   4]
 [  5   0   0   7  38   0   0   0   0   0   0   0   1]
 [  4   0   0  11   1 168   0   0   3   0   0   5   0]
 [  0   0   0  11   0  11 487   0   0   0   0   0   0]
 [  3   3   0   0   0   0   0   0   5   1   0   0   0]
 [ 49   8   0   7   0   0   0   0  69   5   4   0   0]
 [ 18   0   0   0   0   0   0   0   0  33   0  21   0]
 [ 23   0   0  45   0   0   0   0   9   0  39   0   0]
 [  0   0   0   0   0   0   0   0   0   3   0  89   0]
 [  5   0   0   1   0   0   0   0   0   1   0   1  21]]
Epoch 4:
[[854  25   0  32   3  10   1   0  27  21   4   3   6]
 [ 28  18   1  10   2   1   0   0   9   0   0   0   1]
 [ 11  25   0   2   0   0   0   0   0   0   0   0   0]
 [ 66  10   0 468   5   4   0   0   0   0  23   1   4]
 [  6   0   0   9  36   0   0   0   0   0   0   0   0]
 [  4   0   0   5   1 175   1   0   3   0   0   3   0]
 [  0   0   0   4   0   6 499   0   0   0   0   0   0]
 [  5   1   0   0   0   0   0   0   5   1   0   0   0]
 [ 50   1   0   6   0   0   0   0  83   2   0   0   0]
 [ 27   0   0   0   0   0   0   0   0  31   0  14   0]
 [ 21   0   0  37   0   1   0   0  15   0  42   0   0]
 [  0   0   0   0   0   1   0   0   0   5   0  86   0]
 [  8   0   0   1   0   0   0   0   0   0   0   1  19]]
=> Iteration 3:
Epoch 1:
[[895  48   0   5   0   0   1   0  34   0   0   1   2]
 [ 20  39   0   1   1   0   0   0   9   0   0   0   0]
 [  3  33   0   2   0   0   0   0   0   0   0   0   0]
 [119  45   0 381   6   3   1   0  13   0   9   0   4]
 [  9   1   0   3  34   1   0   0   3   0   0   0   0]
 [ 12   3   0   0   1 160   9   0   5   0   0   2   0]
 [  0   0   0   4   0   1 504   0   0   0   0   0   0]
 [ 10   1   0   0   0   0   0   0   1   0   0   0   0]
 [ 47   6   0   0   0   0   0   0  89   0   0   0   0]
 [ 57   0   0   0   0   0   0   0   0  14   0   1   0]
 [ 41  12   0  30   0   1   0   0  19   0  13   0   0]
 [  8   0   0   0   0   5   0   0   0  10   0  69   0]
 [ 14   2   0   0   0   0   0   0   3   0   0   1   9]]
Epoch 2:
[[861   5   0 108   1   0   1   0   3   5   0   1   1]
 [ 38  13   0  16   1   0   0   0   1   0   0   0   1]
 [ 13  22   0   3   0   0   0   0   0   0   0   0   0]
 [ 31   0   0 540   5   2   0   0   0   0   0   0   3]
 [  6   0   0  10  35   0   0   0   0   0   0   0   0]
 [  9   0   0  11   2 157   9   0   2   0   0   2   0]
 [  0   0   0   7   0   2 500   0   0   0   0   0   0]
 [ 11   1   0   0   0   0   0   0   0   0   0   0   0]
 [ 90   0   0  11   0   0   0   0  38   2   0   1   0]
 [ 48   0   0   0   0   0   0   0   0  18   0   6   0]
 [ 32   0   0  77   0   0   0   0   2   0   5   0   0]
 [  0   0   0   0   0   5   0   0   0   6   0  81   0]
 [ 19   0   0   1   0   0   0   0   0   0   0   1   8]]
Epoch 3:
[[764  16   0 134   3  10   0   0  17  27   0   1  14]
 [ 14  24   0  21   1   3   0   0   6   0   0   0   1]
 [  9  25   0   4   0   0   0   0   0   0   0   0   0]
 [ 26   5   0 530   5   3   0   0   0   1   7   0   4]
 [  5   0   0  11  34   0   0   0   0   0   0   0   1]
 [  3   0   0  11   2 168   2   0   3   0   0   3   0]
 [  0   0   0   8   0   5 496   0   0   0   0   0   0]
 [  6   1   0   0   0   0   0   0   4   1   0   0   0]
 [ 57   1   0  12   0   0   0   0  67   5   0   0   0]
 [ 22   0   0   3   0   0   0   0   0  35   0  12   0]
 [ 25   0   0  67   0   0   0   0  11   0  13   0   0]
 [  0   0   0   0   0   4   0   0   0   3   0  85   0]
 [  5   0   0   1   0   0   0   0   0   1   0   1  21]]
Epoch 4:
[[872  13   3  45   4   5   1   0  22  13   2   1   5]
 [ 40  11   5   3   2   1   0   0   7   0   0   0   1]
 [ 10  18   7   3   0   0   0   0   0   0   0   0   0]
 [ 62   1   1 482   5   3   0   0   0   1  19   3   4]
 [  6   0   0   8  37   0   0   0   0   0   0   0   0]
 [  4   0   0   5   2 170   5   0   3   0   0   3   0]
 [  0   0   0   0   0   6 501   0   0   0   2   0   0]
 [  6   1   0   0   0   0   0   0   4   1   0   0   0]
 [ 54   0   0   7   0   0   0   0  79   2   0   0   0]
 [ 31   0   0   0   0   0   0   0   0  29   0  12   0]
 [ 22   0   0  42   0   0   0   0  12   0  40   0   0]
 [  0   0   0   0   0   3   0   0   0   5   0  84   0]
 [  7   0   0   1   0   0   0   0   0   1   0   1  19]]

Scores
------
Epoch: 1
             Train loss  Test loss  P (micro)  R (micro)  F1 (micro)  P (weighted)  R (weighted)  F1 (weighted)
Iteration 0    0.994489   0.705519   0.792388   0.792388    0.792388      0.770657      0.792388       0.760217
Iteration 1    1.003406   0.753199   0.760554   0.760554    0.760554      0.772433      0.760554       0.759862
Iteration 2    1.002057   0.705036   0.775433   0.775433    0.775433      0.768653      0.775433       0.757452
Iteration 3    1.012602   0.759559   0.763668   0.763668    0.763668      0.779635      0.763668       0.752105

Epoch: 2
             Train loss  Test loss  P (micro)  R (micro)  F1 (micro)  P (weighted)  R (weighted)  F1 (weighted)
Iteration 0    0.740586   0.609767   0.810381   0.810381    0.810381      0.801630      0.810381       0.797790
Iteration 1    0.757356   0.725903   0.784429   0.784429    0.784429      0.780721      0.784429       0.767340
Iteration 2    0.745655   0.644271   0.807266   0.807266    0.807266      0.790076      0.807266       0.790911
Iteration 3    0.759563   0.745033   0.780623   0.780623    0.780623      0.778762      0.780623       0.746613

Epoch: 3
             Train loss  Test loss  P (micro)  R (micro)  F1 (micro)  P (weighted)  R (weighted)  F1 (weighted)
Iteration 0    0.675560   0.659219   0.801730   0.801730    0.801730      0.790349      0.801730       0.787166
Iteration 1    0.690173   0.631227   0.801730   0.801730    0.801730      0.790520      0.801730       0.792741
Iteration 2    0.680122   0.690379   0.770588   0.770588    0.770588      0.769195      0.770588       0.765963
Iteration 3    0.694527   0.695702   0.774048   0.774048    0.774048      0.766176      0.774048       0.757445

Epoch: 4
             Train loss  Test loss  P (micro)  R (micro)  F1 (micro)  P (weighted)  R (weighted)  F1 (weighted)
Iteration 0    0.607251   0.637255   0.800692   0.800692    0.800692      0.789913      0.800692       0.790975
Iteration 1    0.620969   0.651289   0.800692   0.800692    0.800692      0.792155      0.800692       0.790666
Iteration 2    0.623893   0.657025   0.799654   0.799654    0.799654      0.784530      0.799654       0.789895
Iteration 3    0.615862   0.634727   0.806574   0.806574    0.806574      0.790857      0.806574       0.794461

