RESULTS REPORT
Model: RoBERTa
Encoder: roberta-base
Evaluation: test set (4 random seeds)
Train scheme: fine-tuning
Max sequence length: 512
Min context length: 2
Batch size: 4
Dropout rate: 0.1
Learning rate: 1e-05
Adam Epsilon: 1e-08
Use MLP: False
Weight decay: 0.001
Train time: 00h33m43s
GPU name: Quadro RTX 6000
GPU memory: 22.17

Averages:
Epoch Train loss   std    Test loss   std    P (micro) P std  R (micro) R std  F1 (micro) F1 std P (weighted) P std  R (weighted) R std  F1 (weighted) F1 std
  1    1.240148  0.013193  0.758394 0.024454   0.7621  0.0066   0.7621  0.0066   0.7621   0.0066    0.7309    0.0023    0.7621    0.0066     0.7316    0.0037
  2    0.819508  0.013760  0.702856 0.006389   0.7715  0.0023   0.7715  0.0023   0.7715   0.0023    0.7633    0.0175    0.7715    0.0023     0.7588    0.0126
  3    0.702019  0.010472  0.631483 0.025579   0.7998  0.0074   0.7998  0.0074   0.7998   0.0074    0.7822    0.0155    0.7998    0.0074     0.7813    0.0116
  4    0.622021  0.008944  0.619062 0.012538   0.8017  0.0006   0.8017  0.0006   0.8017   0.0006    0.7872    0.0040    0.8017    0.0006     0.7856    0.0025

*** Detailed report ***

Confusion matrices
------------------
ANALYSIS: 0 
ARG_PETITIONER: 1 
ARG_RESPONDENT: 2 
FAC: 3 
ISSUE: 4 
NONE: 5 
PREAMBLE: 6 
PRE_NOT_RELIED: 7 
PRE_RELIED: 8 
RATIO: 9 
RLC: 10 
RPC: 11 
STA: 12 
=> Iteration 0:
Epoch 1:
[[905  21   0  20   3   0   1   0  11  18   3   1   3]
 [ 42  15   0   8   1   0   0   0   4   0   0   0   0]
 [ 15  21   0   2   0   0   0   0   0   0   0   0   0]
 [104  10   0 431   8   5   2   0   0   4  14   0   3]
 [  8   0   0   6  35   1   1   0   0   0   0   0   0]
 [  5   0   0   2   3 154  19   0   5   0   0   4   0]
 [  0   0   0   7   0   3 499   0   0   0   0   0   0]
 [ 11   1   0   0   0   0   0   0   0   0   0   0   0]
 [ 82   1   0   4   0   0   1   0  43   5   4   2   0]
 [ 30   0   0   0   0   0   0   0   0  29   0  13   0]
 [ 49   0   0  51   0   2   0   0   1   1   7   5   0]
 [  0   0   0   0   0   2   0   0   0   9   0  81   0]
 [ 20   0   0   0   0   0   0   0   2   1   0   1   5]]
Epoch 2:
[[934   3   0  33   0   1   0   0   1  11   2   1   0]
 [ 50   8   0   9   1   0   0   0   2   0   0   0   0]
 [ 17  19   0   2   0   0   0   0   0   0   0   0   0]
 [ 97   3   0 448   6   4   0   0   0   4  18   1   0]
 [  9   0   0   4  36   2   0   0   0   0   0   0   0]
 [  8   0   0   3   2 172   0   0   5   0   0   2   0]
 [  0   0   0  12   0  27 470   0   0   0   0   0   0]
 [ 11   1   0   0   0   0   0   0   0   0   0   0   0]
 [ 96   0   0   8   0   0   0   0  30   5   1   2   0]
 [ 32   0   0   0   0   0   0   0   0  33   0   7   0]
 [ 43   0   0  43   0   1   0   0   1   0  23   5   0]
 [  0   0   0   0   0   1   0   0   0  11   0  80   0]
 [ 26   0   0   0   0   0   0   0   0   1   0   1   1]]
Epoch 3:
[[899  19   0  27   0   1   1   0  26   5   4   1   3]
 [ 29  23   0  10   1   0   0   0   7   0   0   0   0]
 [  4  31   1   2   0   0   0   0   0   0   0   0   0]
 [ 70   8   0 467   4   4   0   0   0   1  23   0   4]
 [  6   0   0   6  37   2   0   0   0   0   0   0   0]
 [  5   0   0   3   2 175   0   0   5   0   0   2   0]
 [  0   0   0   8   0   7 494   0   0   0   0   0   0]
 [ 11   1   0   0   0   0   0   0   0   0   0   0   0]
 [ 52   0   0   4   0   0   0   0  81   2   3   0   0]
 [ 40   0   0   0   0   0   0   0   0  24   0   8   0]
 [ 37   0   0  40   0   1   0   0   3   0  32   3   0]
 [  2   0   0   0   0   1   0   0   0   7   0  82   0]
 [ 15   0   0   1   0   0   0   0   1   0   0   1  11]]
Epoch 4:
[[904  11   0  38   0   2   1   0  14   9   1   1   5]
 [ 34  21   0  11   1   0   0   0   2   0   0   0   1]
 [  6  23   7   2   0   0   0   0   0   0   0   0   0]
 [ 73   2   1 476   4   4   0   0   0   2  15   0   4]
 [  6   0   0   6  37   2   0   0   0   0   0   0   0]
 [  4   0   0   4   2 175   0   0   5   0   0   2   0]
 [  0   0   0   8   0   8 493   0   0   0   0   0   0]
 [ 11   1   0   0   0   0   0   0   0   0   0   0   0]
 [ 74   0   0   8   0   0   0   0  55   3   1   1   0]
 [ 32   0   0   0   0   0   0   0   0  32   0   8   0]
 [ 36   0   0  56   0   1   0   0   1   0  19   3   0]
 [  0   0   0   0   0   1   0   0   0   8   0  83   0]
 [ 13   0   0   1   0   0   0   0   0   1   0   1  13]]
=> Iteration 1:
Epoch 1:
[[924   6   1  31   1   0   1   0   7   7   6   1   1]
 [ 47   8   0  10   0   0   0   0   2   0   2   0   1]
 [ 25  11   0   2   0   0   0   0   0   0   0   0   0]
 [ 80   3   0 471   4   5   1   0   0   2  15   0   0]
 [ 12   0   0   8  29   2   0   0   0   0   0   0   0]
 [  6   0   0  11   1 163   4   0   5   0   0   2   0]
 [  0   0   0  11   0  16 482   0   0   0   0   0   0]
 [ 12   0   0   0   0   0   0   0   0   0   0   0   0]
 [ 95   0   0   9   0   0   1   0  21   5  11   0   0]
 [ 33   0   0   0   0   0   0   0   1  26   0  12   0]
 [ 42   0   0  57   0   1   0   0   0   0  12   4   0]
 [  1   0   0   0   0  10   0   0   0   6   0  75   0]
 [ 24   0   0   0   0   0   0   0   1   0   0   1   3]]
Epoch 2:
[[778  12  23  56   1   1   1   0  16  56  36   1   5]
 [ 12  21   9  14   1   1   0   0   3   0   8   0   1]
 [  5  14  17   2   0   0   0   0   0   0   0   0   0]
 [ 39   4   1 481   4   6   1   0   0   3  38   0   4]
 [  7   0   0   8  33   2   0   0   0   0   1   0   0]
 [  2   0   0   8   2 157  15   0   5   0   0   3   0]
 [  0   0   0   1   0   1 507   0   0   0   0   0   0]
 [ 10   1   0   0   0   0   0   0   0   1   0   0   0]
 [ 64   0   0   6   0   0   1   0  49   4  17   1   0]
 [ 18   0   0   0   0   0   0   0   0  42   1  11   0]
 [ 33   0   0  23   0   1   0   0   0   0  56   3   0]
 [  0   0   0   0   0   1   0   0   0   4   0  87   0]
 [ 15   1   0   0   0   0   0   0   1   1   1   1   9]]
Epoch 3:
[[905   2  13  33   0   0   1   0  23   6   2   0   1]
 [ 31   5  13  11   1   0   0   0   8   0   0   0   1]
 [  8   2  26   2   0   0   0   0   0   0   0   0   0]
 [ 62   2   0 494   4   3   1   0   0   1  11   0   3]
 [  7   0   0   9  35   0   0   0   0   0   0   0   0]
 [  8   0   0   7   2 161   6   0   5   0   0   3   0]
 [  0   0   0   7   0   3 499   0   0   0   0   0   0]
 [ 11   0   0   0   0   0   0   0   1   0   0   0   0]
 [ 54   0   0   5   0   0   1   0  79   2   1   0   0]
 [ 41   0   0   0   0   0   0   0   0  26   0   5   0]
 [ 39   0   0  52   0   1   0   0   3   0  21   0   0]
 [  1   0   0   0   0   3   0   0   0  15   0  73   0]
 [ 20   0   0   0   0   0   0   0   2   0   0   1   6]]
Epoch 4:
[[893  10   8  40   0   1   1   0  17   7   4   1   4]
 [ 29  20   3  13   1   0   0   0   3   0   0   0   1]
 [  7  28   1   2   0   0   0   0   0   0   0   0   0]
 [ 49   2   0 503   5   4   0   0   0   3  11   0   4]
 [  6   0   0  10  35   0   0   0   0   0   0   0   0]
 [  8   0   0   8   1 167   1   0   4   0   0   3   0]
 [  0   0   0   8   0   4 497   0   0   0   0   0   0]
 [ 10   1   0   0   0   0   0   0   0   1   0   0   0]
 [ 65   0   0   8   0   0   1   0  57   3   8   0   0]
 [ 31   0   0   0   0   0   0   0   0  35   0   6   0]
 [ 36   0   0  55   0   1   0   0   0   0  22   2   0]
 [  0   0   0   0   0   3   0   0   0  11   0  78   0]
 [ 18   0   0   1   0   0   0   0   0   1   0   1   8]]
=> Iteration 2:
Epoch 1:
[[946   3   0  21   0   0   1   0   8   4   0   1   2]
 [ 49   6   0  10   0   0   0   0   5   0   0   0   0]
 [ 29   7   0   2   0   0   0   0   0   0   0   0   0]
 [107   2   0 454   4   6   0   0   0   0   6   1   1]
 [  9   0   0  10  30   1   1   0   0   0   0   0   0]
 [  5   0   0  12   2 155   8   0   5   0   0   5   0]
 [  0   0   0  10   0  16 483   0   0   0   0   0   0]
 [ 12   0   0   0   0   0   0   0   0   0   0   0   0]
 [ 88   0   0  12   0   0   0   0  40   2   0   0   0]
 [ 41   0   0   0   0   0   0   0   0  18   0  13   0]
 [ 50   0   0  58   0   2   0   0   1   0   1   4   0]
 [  3   0   0   0   0   1   0   0   0   4   0  84   0]
 [ 23   0   0   0   0   0   0   0   1   0   0   1   4]]
Epoch 2:
[[822  59   8  28   3   5   0   0  17  28   7   1   8]
 [ 13  30   3  11   3   1   0   0   3   0   4   1   1]
 [  0  34   2   2   0   0   0   0   0   0   0   0   0]
 [ 56  21   0 448  12  10   0   0   0   3  24   3   4]
 [  5   0   0   5  38   2   0   0   0   1   0   0   0]
 [  3   0   0   3   4 175   0   0   5   0   0   2   0]
 [  0   0   0   8   0  25 476   0   0   0   0   0   0]
 [  9   2   0   0   0   0   0   0   0   1   0   0   0]
 [ 54   3   0   5   0   0   0   0  61   5  12   2   0]
 [ 25   0   0   0   0   0   0   0   1  38   0   8   0]
 [ 29   6   0  26   0   1   0   0   4   0  43   7   0]
 [  0   0   0   0   0   1   0   0   0   9   0  82   0]
 [ 13   2   0   0   0   0   0   0   0   1   0   1  12]]
Epoch 3:
[[867  10   0  51   0   7   1   0  31   7   8   1   3]
 [ 25  19   0  17   1   1   0   0   2   0   4   0   1]
 [  6  30   0   2   0   0   0   0   0   0   0   0   0]
 [ 51   2   0 498   4   3   0   0   0   0  19   0   4]
 [  6   0   0   7  36   1   1   0   0   0   0   0   0]
 [  2   0   0  10   2 170   1   0   5   0   0   2   0]
 [  0   0   0   9   0   6 494   0   0   0   0   0   0]
 [  8   1   0   0   0   0   0   0   3   0   0   0   0]
 [ 46   0   0   9   0   0   0   0  74   3  10   0   0]
 [ 37   0   0   0   0   0   0   0   2  24   0   9   0]
 [ 35   0   0  38   0   1   0   0   1   0  39   2   0]
 [  0   0   0   0   0   1   0   0   0   7   0  84   0]
 [ 18   0   0   0   0   0   0   0   0   1   0   1   9]]
Epoch 4:
[[898  13   4  32   0   2   1   0  17   8   7   1   3]
 [ 29  20   3  14   1   0   0   0   2   0   0   0   1]
 [  3  30   3   2   0   0   0   0   0   0   0   0   0]
 [ 67   2   0 485   4   4   0   0   0   0  15   0   4]
 [  6   0   0   7  36   2   0   0   0   0   0   0   0]
 [  6   0   0   9   2 166   2   0   5   0   0   2   0]
 [  0   0   0   8   0   3 498   0   0   0   0   0   0]
 [ 10   1   0   0   0   0   0   0   1   0   0   0   0]
 [ 62   1   0   8   0   0   0   0  60   3   8   0   0]
 [ 34   0   0   0   0   0   0   0   0  30   0   8   0]
 [ 38   0   0  46   0   1   0   0   0   0  28   3   0]
 [  1   0   0   0   0   1   0   0   0   8   0  82   0]
 [ 16   0   0   0   0   0   0   0   0   1   0   1  11]]
=> Iteration 3:
Epoch 1:
[[829  49  11  69   3   0   1   0  11   1   2   2   8]
 [ 18  22   8  19   0   0   0   0   0   0   2   0   1]
 [  1  27   8   2   0   0   0   0   0   0   0   0   0]
 [ 59   8   2 494   4   4   1   0   0   0   6   0   3]
 [  8   0   0  12  29   1   1   0   0   0   0   0   0]
 [  3   0   0  19   2 148  13   0   3   0   0   3   1]
 [  0   0   0  10   0   3 496   0   0   0   0   0   0]
 [ 11   0   1   0   0   0   0   0   0   0   0   0   0]
 [ 74   1   1  16   0   0   1   0  45   1   0   3   0]
 [ 44   0   0   2   0   0   0   0   0  10   0  16   0]
 [ 40   2   0  73   0   0   0   0   0   0   0   1   0]
 [  4   0   0   0   0   3   0   0   0   3   0  82   0]
 [ 18   0   1   0   0   0   0   0   1   0   0   1   8]]
Epoch 2:
[[812  52   1  66   4   1   1   0  18  16   1   1  13]
 [ 14  30   0  21   1   0   0   0   3   0   0   0   1]
 [  9  27   0   2   0   0   0   0   0   0   0   0   0]
 [ 55   4   0 502   8   4   0   0   0   4   0   0   4]
 [  6   0   0   6  37   2   0   0   0   0   0   0   0]
 [  5   0   0  10   2 163   3   0   4   0   0   5   0]
 [  0   0   0  10   0  15 484   0   0   0   0   0   0]
 [  7   1   0   0   0   0   0   0   3   1   0   0   0]
 [ 52   3   0  15   0   0   0   0  64   6   0   2   0]
 [ 30   0   0   1   0   0   0   0   0  33   0   8   0]
 [ 33   1   0  80   0   1   0   0   0   0   0   1   0]
 [  0   0   0   0   0   1   0   0   0   9   0  82   0]
 [ 12   1   0   1   0   0   0   0   0   1   0   1  13]]
Epoch 3:
[[892  24   1  53   0   0   1   0   4   6   2   1   2]
 [ 21  25   0  20   1   0   0   0   2   0   0   0   1]
 [  7  29   0   2   0   0   0   0   0   0   0   0   0]
 [ 58   4   0 503   4   3   0   0   0   1   4   0   4]
 [  6   0   0  11  34   0   0   0   0   0   0   0   0]
 [  4   0   0  14   0 158   8   0   5   0   0   3   0]
 [  0   0   0   9   0   2 498   0   0   0   0   0   0]
 [ 11   1   0   0   0   0   0   0   0   0   0   0   0]
 [ 75   0   0   9   0   0   0   0  53   2   3   0   0]
 [ 39   0   0   0   0   0   0   0   0  27   0   6   0]
 [ 34   0   0  80   0   0   0   0   0   0   2   0   0]
 [  0   0   0   0   0   4   0   0   0  13   0  75   0]
 [ 17   0   0   1   0   0   0   0   0   1   0   1   9]]
Epoch 4:
[[895  21   4  36   0   1   1   0  11  10   3   1   3]
 [ 26  24   2  14   1   0   0   0   2   0   0   0   1]
 [  6  25   5   2   0   0   0   0   0   0   0   0   0]
 [ 64   4   0 484   5   4   0   0   0   3  13   0   4]
 [  6   0   0   6  37   2   0   0   0   0   0   0   0]
 [  7   0   0   4   1 166   5   0   5   0   0   4   0]
 [  0   0   0   7   0  10 491   0   0   0   1   0   0]
 [ 11   1   0   0   0   0   0   0   0   0   0   0   0]
 [ 61   0   0   4   0   0   0   0  67   3   5   2   0]
 [ 35   0   0   0   0   0   0   0   0  31   0   6   0]
 [ 35   1   0  48   0   1   0   0   1   0  27   3   0]
 [  0   0   0   0   0   1   0   0   0  10   0  81   0]
 [ 14   0   0   1   0   0   0   0   0   1   0   1  12]]

Scores
------
Epoch: 1
             Train loss  Test loss  P (micro)  R (micro)  F1 (micro)  P (weighted)  R (weighted)  F1 (weighted)
Iteration 0    1.238935   0.727206   0.762630   0.762630    0.762630      0.734523      0.762630       0.737262
Iteration 1    1.250724   0.748035   0.766090   0.766090    0.766090      0.731247      0.766090       0.732110
Iteration 2    1.219049   0.764183   0.768512   0.768512    0.768512      0.728927      0.768512       0.729340
Iteration 3    1.251885   0.794150   0.751211   0.751211    0.751211      0.728966      0.751211       0.727526

Epoch: 2
             Train loss  Test loss  P (micro)  R (micro)  F1 (micro)  P (weighted)  R (weighted)  F1 (weighted)
Iteration 0    0.799912   0.698823   0.773356   0.773356    0.773356      0.759183      0.773356       0.743980
Iteration 1    0.832264   0.709497   0.774048   0.774048    0.774048      0.777999      0.774048       0.771600
Iteration 2    0.832603   0.708606   0.770588   0.770588    0.770588      0.779709      0.770588       0.770963
Iteration 3    0.813251   0.694498   0.768166   0.768166    0.768166      0.736504      0.768166       0.748531

Epoch: 3
             Train loss  Test loss  P (micro)  R (micro)  F1 (micro)  P (weighted)  R (weighted)  F1 (weighted)
Iteration 0    0.689457   0.635555   0.804844   0.804844    0.804844      0.800312      0.804844       0.791287
Iteration 1    0.702393   0.606408   0.806228   0.806228    0.806228      0.791080      0.806228       0.786226
Iteration 2    0.718274   0.612394   0.800692   0.800692    0.800692      0.778495      0.800692       0.786281
Iteration 3    0.697953   0.671575   0.787543   0.787543    0.787543      0.758882      0.787543       0.761531

Epoch: 4
             Train loss  Test loss  P (micro)  R (micro)  F1 (micro)  P (weighted)  R (weighted)  F1 (weighted)
Iteration 0    0.611121   0.632939   0.801038   0.801038    0.801038      0.789662      0.801038       0.782968
Iteration 1    0.629191   0.622100   0.801384   0.801384    0.801384      0.781475      0.801384       0.783753
Iteration 2    0.632336   0.622519   0.801730   0.801730    0.801730      0.785800      0.801730       0.786540
Iteration 3    0.615436   0.598690   0.802768   0.802768    0.802768      0.791922      0.802768       0.789300

