RESULTS REPORT
Model: Longformer
Encoder: allenai/longformer-base-4096
Evaluation: test set (4 random seeds)
Train scheme: fine-tuning
Max sequence length: 1024
Min context length: 700
Use Malik dataset: False
Batch size: 4
Dropout rate: 0.1
Learning rate: 2e-05
Adam Epsilon: 1e-08
Use MLP: False
Weight decay: 0.001
Train time: 03h46m43s
GPU name: Quadro RTX 6000
GPU memory: 22.17

Averages:
Epoch Train loss   std    Test loss   std    P (micro) P std  R (micro) R std  F1 (micro) F1 std P (weighted) P std  R (weighted) R std  F1 (weighted) F1 std
  1    1.064792  0.017210  0.641448 0.039495   0.8004  0.0100   0.8004  0.0100   0.8004   0.0100    0.7870    0.0139    0.8004    0.0100     0.7855    0.0135
  2    0.756058  0.011711  0.632317 0.049634   0.8021  0.0216   0.8021  0.0216   0.8021   0.0216    0.8029    0.0052    0.8021    0.0216     0.7913    0.0176
  3    0.647067  0.005684  0.594698 0.013961   0.8157  0.0048   0.8157  0.0048   0.8157   0.0048    0.8084    0.0016    0.8157    0.0048     0.8058    0.0033
  4    0.553482  0.004521  0.541937 0.007684   0.8266  0.0041   0.8266  0.0041   0.8266   0.0041    0.8151    0.0045    0.8266    0.0041     0.8167    0.0034

*** Detailed report ***

Confusion matrices
------------------
ANALYSIS: 0 
ARG_PETITIONER: 1 
ARG_RESPONDENT: 2 
FAC: 3 
ISSUE: 4 
NONE: 5 
PREAMBLE: 6 
PRE_NOT_RELIED: 7 
PRE_RELIED: 8 
RATIO: 9 
RLC: 10 
RPC: 11 
STA: 12 
=> Iteration 0:
Epoch 1:
[[847  54   0  42   2   2   0   0  24   0   0   1  14]
 [ 13  35   0  15   1   0   0   0   5   0   0   0   1]
 [  3  33   0   2   0   0   0   0   0   0   0   0   0]
 [ 46   1   0 506   8   2   0   0   0   0  10   3   5]
 [  5   0   0   8  37   0   0   0   0   0   0   0   1]
 [  4   0   0   9   2 170   0   0   3   0   0   4   0]
 [  0   1   0  10   0  30 466   0   0   0   2   0   0]
 [ 10   2   0   0   0   0   0   0   0   0   0   0   0]
 [ 44   5   0   6   2   0   0   0  84   1   0   0   0]
 [ 58   0   0   0   0   0   0   0   0   6   0   8   0]
 [ 29   0   0  58   0   0   0   0   7   0  21   1   0]
 [  3   0   0   0   0   0   0   0   0   5   0  84   0]
 [ 11   0   0   1   0   0   0   0   0   0   0   1  16]]
Epoch 2:
[[908  13   0  37   0   0   1   0  14   6   4   0   3]
 [ 26  26   0  11   0   0   0   0   3   0   3   0   1]
 [ 10  26   0   2   0   0   0   0   0   0   0   0   0]
 [ 33   6   0 520   5   2   0   0   0   0  11   0   4]
 [  6   0   0   9  36   0   0   0   0   0   0   0   0]
 [  3   1   0  16   1 163   2   0   4   0   0   2   0]
 [  0   1   0   5   0   3 498   0   0   0   2   0   0]
 [  9   2   0   0   0   0   0   0   1   0   0   0   0]
 [ 54   2   0   4   0   0   0   0  78   1   3   0   0]
 [ 44   0   0   0   0   0   0   0   0  24   0   4   0]
 [ 24   0   0  52   0   0   0   0   2   0  38   0   0]
 [  2   0   0   0   0   0   0   0   0   9   0  81   0]
 [ 15   0   0   1   0   0   0   0   0   0   0   1  12]]
Epoch 3:
[[889  22   0  41   3   0   1   0  11  12   3   1   3]
 [ 25  15   9  14   1   0   0   0   3   0   2   0   1]
 [  9  22   5   2   0   0   0   0   0   0   0   0   0]
 [ 30   6   0 519   6   5   0   0   0   0  11   0   4]
 [  6   0   0   6  38   1   0   0   0   0   0   0   0]
 [  4   0   0   7   1 173   2   0   3   0   0   2   0]
 [  0   0   0   3   0   3 503   0   0   0   0   0   0]
 [  5   4   0   0   0   0   0   0   1   2   0   0   0]
 [ 60   2   0   4   0   0   0   0  75   1   0   0   0]
 [ 31   0   0   0   0   0   0   0   0  34   0   7   0]
 [ 25   0   0  57   0   1   0   0   3   0  30   0   0]
 [  1   0   0   0   0   4   0   0   0   4   0  83   0]
 [ 13   1   0   1   0   0   0   0   0   0   0   1  13]]
Epoch 4:
[[905  11   4  19   5   0   1   0  20  14   3   0   4]
 [ 32   9  15   8   1   0   0   0   4   0   0   0   1]
 [ 12   9  15   2   0   0   0   0   0   0   0   0   0]
 [ 42   7   0 495   6   4   0   0   0   0  23   0   4]
 [  6   0   0   7  38   0   0   0   0   0   0   0   0]
 [  3   0   1   5   1 172   4   0   4   0   0   2   0]
 [  0   0   0   3   0   3 503   0   0   0   0   0   0]
 [  4   2   0   0   0   0   0   0   4   2   0   0   0]
 [ 57   0   0   0   0   0   0   0  82   2   1   0   0]
 [ 32   0   0   0   0   0   0   0   0  35   0   5   0]
 [ 23   0   0  39   1   0   0   0   9   0  44   0   0]
 [  1   0   0   0   0   4   0   0   0   7   0  80   0]
 [ 11   0   0   1   0   0   0   0   0   0   0   1  16]]
=> Iteration 1:
Epoch 1:
[[851   0  21  36   3   6   0   0  33  19   6   3   8]
 [ 19   0  21  16   2   1   0   0   8   0   2   0   1]
 [  4   0  31   3   0   0   0   0   0   0   0   0   0]
 [ 46   0   3 490   6   6   0   0   1   0  25   0   4]
 [  6   0   0  10  35   0   0   0   0   0   0   0   0]
 [  3   0   0   4   2 161  16   0   4   0   0   2   0]
 [  0   0   0   6   0   0 503   0   0   0   0   0   0]
 [  7   0   1   0   0   0   0   0   3   1   0   0   0]
 [ 35   0   0   0   2   0   0   0  99   5   0   1   0]
 [ 25   0   0   1   0   0   0   0   0  38   0   8   0]
 [ 24   0   0  39   0   1   0   0   6   0  46   0   0]
 [  0   0   0   0   0   2   0   0   0   9   0  81   0]
 [  7   0   0   1   0   0   0   0   0   1   0   1  19]]
Epoch 2:
[[836  52   0  25   5  11   0   0  23  18   3   1  12]
 [ 13  33   0  13   1   1   0   0   8   0   0   0   1]
 [  5  31   0   2   0   0   0   0   0   0   0   0   0]
 [ 30  51   0 453   6   6   0   0   2   1  27   0   5]
 [  4   0   0   5  40   0   0   0   1   0   0   0   1]
 [  4   2   0   3   1 173   4   0   3   0   0   2   0]
 [  0   0   0   0   0   0 509   0   0   0   0   0   0]
 [  8   2   0   0   0   0   0   0   2   0   0   0   0]
 [ 50   4   0   1   0   0   0   0  79   5   3   0   0]
 [ 30   0   0   1   0   0   0   0   0  31   0  10   0]
 [ 23   6   0  24   1   2   0   0   6   0  52   0   2]
 [  0   0   0   0   0   2   0   0   0   2   0  88   0]
 [  5   1   0   1   0   0   0   0   0   1   0   1  20]]
Epoch 3:
[[860  10   0  15   5   4   1   0  38  38   3   8   4]
 [ 33  17   0   9   1   0   0   0  10   0   0   0   0]
 [ 12  23   1   2   0   0   0   0   0   0   0   0   0]
 [ 50   9   0 474   7   5   0   0   4   1  26   1   4]
 [  6   0   0   5  38   1   0   0   0   0   0   0   1]
 [  4   1   0   5   1 173   3   0   3   0   0   2   0]
 [  0   0   0   7   0   1 500   0   0   0   1   0   0]
 [  8   0   0   0   0   0   0   0   3   1   0   0   0]
 [ 48   0   0   0   0   0   0   0  89   5   0   0   0]
 [ 24   0   0   0   0   0   0   0   0  34   0  14   0]
 [ 20   0   0  32   1   1   0   0  13   0  49   0   0]
 [  0   0   0   0   0   0   0   0   0   5   0  87   0]
 [ 10   0   0   1   0   0   0   0   0   1   0   1  16]]
Epoch 4:
[[898  21   0  21   5   4   0   0  18  14   0   1   4]
 [ 31  21   0   9   1   0   0   0   7   0   0   0   1]
 [ 10  24   2   2   0   0   0   0   0   0   0   0   0]
 [ 44   6   0 499   6   3   0   0   0   0  19   0   4]
 [  6   0   0   6  38   1   0   0   0   0   0   0   0]
 [  4   0   1   5   1 174   2   0   3   0   0   2   0]
 [  0   0   0   6   0   1 501   0   0   0   1   0   0]
 [  8   2   0   0   0   0   0   0   2   0   0   0   0]
 [ 55   1   0   0   0   0   0   0  84   2   0   0   0]
 [ 33   0   0   1   0   0   0   0   0  30   0   8   0]
 [ 24   0   0  38   1   1   0   0   5   0  47   0   0]
 [  0   0   0   0   0   2   0   0   0   9   0  81   0]
 [ 10   0   0   1   0   0   0   0   0   0   0   1  17]]
=> Iteration 2:
Epoch 1:
[[847  35   1  14   4   5   0   0  47  25   0   0   8]
 [ 26  31   0   2   2   0   0   0   9   0   0   0   0]
 [  2  31   3   2   0   0   0   0   0   0   0   0   0]
 [ 49  13   0 479  10  10   0   0   0   0  15   0   5]
 [  6   0   0   3  39   2   0   0   0   0   0   0   1]
 [  4   0   0   2   2 175   4   0   4   0   0   1   0]
 [  0   0   0   8   0   7 493   0   0   0   1   0   0]
 [  4   0   0   0   0   0   0   0   7   1   0   0   0]
 [ 46   0   0   0   0   0   0   0  91   5   0   0   0]
 [ 30   0   0   0   0   0   0   0   0  41   0   1   0]
 [ 34   0   0  45   0   3   0   0   4   0  30   0   0]
 [  1   0   0   0   0   6   0   0   0  13   0  72   0]
 [ 14   0   0   0   0   0   0   0   1   0   0   1  13]]
Epoch 2:
[[675  52   0 101   0  11   0   0  52  68   3  17   7]
 [  2  33   0  21   1   1   0   0   8   1   3   0   0]
 [  2  33   1   2   0   0   0   0   0   0   0   0   0]
 [  8   9   0 538   5   5   1   0   0   0  11   0   4]
 [  5   0   0   5  36   4   0   0   0   1   0   0   0]
 [  2   0   0   8   0 168   8   0   4   0   0   2   0]
 [  0   0   0   2   0   1 506   0   0   0   0   0   0]
 [  0   3   0   0   0   0   0   0   6   3   0   0   0]
 [ 31   5   0   3   0   0   0   0  94   6   0   3   0]
 [  9   0   0   0   0   0   0   0   0  40   0  23   0]
 [ 17   0   0  64   0   1   0   0   5   6  23   0   0]
 [  0   0   0   0   0   0   0   0   0   1   0  91   0]
 [  8   1   0   1   0   0   0   0   2   0   0   3  14]]
Epoch 3:
[[881  25   3  16   4  17   0   0  12  12   8   4   4]
 [ 22  21   7   9   1   1   0   0   4   0   4   0   1]
 [  5  28   3   2   0   0   0   0   0   0   0   0   0]
 [ 46   7   0 484   6   5   0   0   0   0  29   0   4]
 [  6   0   0   5  36   4   0   0   0   0   0   0   0]
 [  2   1   0   3   0 178   4   0   4   0   0   0   0]
 [  0   0   0   0   0   2 507   0   0   0   0   0   0]
 [  6   3   0   0   0   0   0   0   3   0   0   0   0]
 [ 57   4   0   0   0   0   0   0  71   3   6   1   0]
 [ 31   0   0   0   0   1   0   0   0  25   0  15   0]
 [ 25   0   0  31   0   1   0   0   0   0  58   0   1]
 [  0   0   0   0   0  12   0   0   0   3   0  77   0]
 [ 10   0   0   1   0   0   0   0   0   0   0   1  17]]
Epoch 4:
[[902  14   1  13   6   8   0   0  18   9   3   3   9]
 [ 27  19   6   6   2   1   0   0   8   0   0   0   1]
 [ 11  22   3   2   0   0   0   0   0   0   0   0   0]
 [ 42   6   1 497   7   4   1   0   0   0  19   0   4]
 [  6   0   0   5  39   1   0   0   0   0   0   0   0]
 [  3   1   0   4   2 174   2   0   4   0   0   2   0]
 [  0   0   0   2   0   4 503   0   0   0   0   0   0]
 [  5   2   0   0   0   0   0   0   5   0   0   0   0]
 [ 58   0   0   0   0   0   0   0  80   2   2   0   0]
 [ 34   0   0   1   0   0   0   0   0  30   0   7   0]
 [ 21   0   0  37   1   0   0   0   5   0  50   0   2]
 [  0   0   0   0   0   1   0   0   0   8   0  83   0]
 [  7   0   0   1   0   0   0   0   0   0   0   1  20]]
=> Iteration 3:
Epoch 1:
[[839  19   0  56   3  12   0   0  18  15   0  13  11]
 [ 23  20   0  15   2   1   0   0   8   0   0   0   1]
 [  8  27   0   3   0   0   0   0   0   0   0   0   0]
 [ 23   0   0 531   8   8   1   0   0   0   4   1   5]
 [  6   0   0   4  36   5   0   0   0   0   0   0   0]
 [  2   0   0   4   2 165  11   0   4   0   0   4   0]
 [  0   0   0   0   0   0 509   0   0   0   0   0   0]
 [ 11   0   0   0   0   0   0   0   1   0   0   0   0]
 [ 44   0   0   3   4   0   0   0  86   2   0   3   0]
 [ 27   0   0   0   0   0   0   0   0  20   0  25   0]
 [ 26   0   0  72   1   3   1   0   8   0   3   2   0]
 [  0   0   0   0   0   0   0   0   0   0   0  92   0]
 [ 15   0   0   0   0   0   0   0   0   0   0   2  12]]
Epoch 2:
[[918   8   0  43   0   2   0   0  10   1   3   1   0]
 [ 30  17   0  15   1   1   0   0   6   0   0   0   0]
 [ 15  21   0   2   0   0   0   0   0   0   0   0   0]
 [ 36   2   0 518   5   4   1   0   0   0  13   0   2]
 [  6   0   0   8  34   3   0   0   0   0   0   0   0]
 [  5   0   0   5   1 172   5   0   3   0   0   1   0]
 [  0   0   0  10   0   3 496   0   0   0   0   0   0]
 [ 10   1   0   0   0   0   0   0   1   0   0   0   0]
 [ 67   0   0   0   0   0   0   0  75   0   0   0   0]
 [ 54   0   0   0   0   0   0   0   0  12   0   6   0]
 [ 29   0   0  61   0   0   0   0   0   0  26   0   0]
 [  8   0   0   0   0   3   0   0   0   2   0  79   0]
 [ 19   0   0   1   0   0   0   0   0   0   0   1   8]]
Epoch 3:
[[891  13   0  16   3   0   1   0   7  48   4   1   2]
 [ 39  20   0   7   2   0   0   0   1   0   0   0   1]
 [ 10  26   0   2   0   0   0   0   0   0   0   0   0]
 [ 49   7   0 484   5   3   0   0   0   0  29   0   4]
 [  7   0   0   4  37   3   0   0   0   0   0   0   0]
 [  4   0   0   9   2 166   6   0   3   0   0   2   0]
 [  0   0   0   5   0   3 501   0   0   0   0   0   0]
 [  9   2   0   0   0   0   0   0   0   1   0   0   0]
 [ 73   0   0   0   0   0   0   0  63   5   1   0   0]
 [ 23   0   0   0   0   0   0   0   0  42   0   7   0]
 [ 26   0   0  36   1   0   0   0   0   0  53   0   0]
 [  0   0   0   0   0   1   0   0   0   6   0  85   0]
 [ 12   1   0   1   0   0   0   0   0   0   0   1  14]]
Epoch 4:
[[885  18   3  16   3   2   0   0  17  27   4   1  10]
 [ 31  19   3   8   1   0   0   0   7   0   0   0   1]
 [  9  26   1   2   0   0   0   0   0   0   0   0   0]
 [ 49   8   0 486   6   4   0   0   0   0  24   0   4]
 [  7   0   0   5  37   2   0   0   0   0   0   0   0]
 [  4   0   0   6   2 172   3   0   3   0   0   2   0]
 [  0   0   0   5   0   3 501   0   0   0   0   0   0]
 [  6   2   0   0   0   0   0   0   4   0   0   0   0]
 [ 54   1   0   0   0   0   0   0  83   4   0   0   0]
 [ 26   0   0   0   0   0   0   0   0  35   0  11   0]
 [ 22   0   0  43   1   0   0   0   2   0  48   0   0]
 [  0   0   0   0   0   2   0   0   0   7   0  83   0]
 [  7   1   0   1   0   0   0   0   0   0   0   1  19]]

Scores
------
Epoch: 1
             Train loss  Test loss  P (micro)  R (micro)  F1 (micro)  P (weighted)  R (weighted)  F1 (weighted)
Iteration 0    1.044549   0.682397   0.786159   0.786159    0.786159      0.776776      0.786159       0.770002
Iteration 1    1.067922   0.583627   0.814533   0.814533    0.814533      0.794781      0.814533       0.802639
Iteration 2    1.055761   0.626677   0.800692   0.800692    0.800692      0.805741      0.800692       0.794631
Iteration 3    1.090938   0.673091   0.800346   0.800346    0.800346      0.770878      0.800346       0.774705

Epoch: 2
             Train loss  Test loss  P (micro)  R (micro)  F1 (micro)  P (weighted)  R (weighted)  F1 (weighted)
Iteration 0    0.739358   0.576089   0.824913   0.824913    0.824913      0.807981      0.824913       0.810104
Iteration 1    0.758938   0.608505   0.800692   0.800692    0.800692      0.808131      0.800692       0.801392
Iteration 2    0.772076   0.710563   0.767820   0.767820    0.767820      0.798690      0.767820       0.763222
Iteration 3    0.753861   0.634111   0.814879   0.814879    0.814879      0.796738      0.814879       0.790530

Epoch: 3
             Train loss  Test loss  P (micro)  R (micro)  F1 (micro)  P (weighted)  R (weighted)  F1 (weighted)
Iteration 0    0.637567   0.611867   0.822491   0.822491    0.822491      0.810611      0.822491       0.809337
Iteration 1    0.650911   0.602446   0.808997   0.808997    0.808997      0.808841      0.808997       0.800869
Iteration 2    0.647871   0.574677   0.815917   0.815917    0.815917      0.807719      0.815917       0.807970
Iteration 3    0.651919   0.589803   0.815225   0.815225    0.815225      0.806335      0.815225       0.804947

Epoch: 4
             Train loss  Test loss  P (micro)  R (micro)  F1 (micro)  P (weighted)  R (weighted)  F1 (weighted)
Iteration 0    0.546743   0.553011   0.828374   0.828374    0.828374      0.814227      0.828374       0.818067
Iteration 1    0.553411   0.539138   0.827682   0.827682    0.827682      0.820163      0.827682       0.817134
Iteration 2    0.559449   0.531821   0.830450   0.830450    0.830450      0.817717      0.830450       0.820333
Iteration 3    0.554326   0.543780   0.819723   0.819723    0.819723      0.808242      0.819723       0.811242

