RESULTS REPORT
Model: RoBERTa
Encoder: roberta-base
Evaluation: test set (4 random seeds)
Train scheme: fine-tuning
Max sequence length: 512
Min context length: 350
Batch size: 4
Dropout rate: 0.1
Learning rate: 1e-05
Adam Epsilon: 1e-08
Use MLP: False
Weight decay: 0.001
Train time: 01h48m00s
GPU name: Quadro RTX 6000
GPU memory: 22.17

Averages:
Epoch Train loss   std    Test loss   std    P (micro) P std  R (micro) R std  F1 (micro) F1 std P (weighted) P std  R (weighted) R std  F1 (weighted) F1 std
  1    1.005771  0.008912  0.696793 0.082307   0.7830  0.0173   0.7830  0.0173   0.7830   0.0173    0.7786    0.0120    0.7830    0.0173     0.7603    0.0220
  2    0.739618  0.006177  0.671909 0.047126   0.7913  0.0172   0.7913  0.0172   0.7913   0.0172    0.7813    0.0071    0.7913    0.0172     0.7732    0.0182
  3    0.680788  0.008644  0.657629 0.008268   0.7970  0.0027   0.7970  0.0027   0.7970   0.0027    0.7856    0.0067    0.7970    0.0027     0.7826    0.0053
  4    0.615631  0.003104  0.634004 0.014808   0.8044  0.0068   0.8044  0.0068   0.8044   0.0068    0.7909    0.0054    0.8044    0.0068     0.7931    0.0067

*** Detailed report ***

Confusion matrices
------------------
ANALYSIS: 0 
ARG_PETITIONER: 1 
ARG_RESPONDENT: 2 
FAC: 3 
ISSUE: 4 
NONE: 5 
PREAMBLE: 6 
PRE_NOT_RELIED: 7 
PRE_RELIED: 8 
RATIO: 9 
RLC: 10 
RPC: 11 
STA: 12 
=> Iteration 0:
Epoch 1:
[[928   0   8   9   0   0   1   0  25  14   0   0   1]
 [ 44   2  12   4   1   0   0   0   6   0   0   0   1]
 [ 16   0  20   2   0   0   0   0   0   0   0   0   0]
 [117   0  11 430   7   3   0   0   0   0   9   0   4]
 [  9   0   0   6  36   0   0   0   0   0   0   0   0]
 [  9   0   0   3   4 150  17   0   4   1   0   4   0]
 [  0   0   0   7   0   2 500   0   0   0   0   0   0]
 [ 11   0   1   0   0   0   0   0   0   0   0   0   0]
 [ 57   0   0   1   0   0   0   0  80   3   1   0   0]
 [ 37   0   0   0   0   0   0   0   0  33   0   2   0]
 [ 44   0   0  57   0   1   0   0   2   0  11   1   0]
 [  0   0   0   0   0   0   0   0   0  14   0  78   0]
 [ 17   0   0   1   0   0   0   0   0   1   0   1   9]]
Epoch 2:
[[886  12   0  32   5   3   1   0  11  17   0   0  19]
 [ 35  21   0   6   2   0   0   0   5   0   0   0   1]
 [ 12  24   0   2   0   0   0   0   0   0   0   0   0]
 [ 60   8   0 481   8   3   0   0   0   0  15   1   5]
 [  5   0   0   5  40   0   0   0   0   0   0   0   1]
 [  4   0   0   7   2 172   2   0   3   0   0   2   0]
 [  0   0   0   4   0   5 500   0   0   0   0   0   0]
 [ 11   1   0   0   0   0   0   0   0   0   0   0   0]
 [ 68   0   0   4   0   0   0   0  68   1   0   0   1]
 [ 35   0   0   0   0   0   0   0   0  34   0   3   0]
 [ 36   0   0  51   1   0   0   0   9   0  19   0   0]
 [  0   0   0   0   0   2   0   0   0  14   0  76   0]
 [  5   0   0   1   0   0   0   0   0   0   0   1  22]]
Epoch 3:
[[900   8   0  38   4   0   1   0  20  10   2   1   2]
 [ 44   7   0  11   1   0   0   0   6   0   0   0   1]
 [ 15  14   7   2   0   0   0   0   0   0   0   0   0]
 [ 75   0   0 474   5   4   0   0   0   0  18   1   4]
 [  7   0   0   7  37   0   0   0   0   0   0   0   0]
 [  8   0   0   8   2 161   4   0   3   0   0   6   0]
 [  0   0   0   7   0   4 498   0   0   0   0   0   0]
 [  9   1   0   0   0   0   0   0   2   0   0   0   0]
 [ 65   0   0   7   0   0   0   0  68   2   0   0   0]
 [ 35   0   0   0   0   0   0   0   0  32   0   5   0]
 [ 27   0   0  48   0   0   0   0   9   0  32   0   0]
 [  0   0   0   0   0   0   0   0   0  12   0  80   0]
 [ 10   0   0   1   0   0   0   0   0   0   0   1  17]]
Epoch 4:
[[882  11   3  32   4   5   1   0  22  15   3   2   6]
 [ 33  10   7  10   2   1   0   0   6   0   0   0   1]
 [ 12  12  12   2   0   0   0   0   0   0   0   0   0]
 [ 57   4   1 484   6   4   0   0   0   0  19   2   4]
 [  7   0   0   6  38   0   0   0   0   0   0   0   0]
 [  5   0   0   2   2 175   3   0   3   0   0   2   0]
 [  0   0   0   6   0   5 498   0   0   0   0   0   0]
 [  7   1   0   0   0   0   0   0   4   0   0   0   0]
 [ 53   0   0   6   0   0   0   0  81   2   0   0   0]
 [ 33   0   0   0   0   0   0   0   0  32   0   7   0]
 [ 27   0   0  41   0   0   0   0   9   0  39   0   0]
 [  0   0   0   0   0   1   0   0   0  10   0  81   0]
 [  9   0   0   1   0   0   0   0   0   0   0   1  18]]
=> Iteration 1:
Epoch 1:
[[893   9   0  21   0   1   0   0  43  15   1   1   2]
 [ 32  13   0  10   1   0   0   0  13   0   0   0   1]
 [ 16  20   0   2   0   0   0   0   0   0   0   0   0]
 [ 82   1   0 474   5   4   0   0   0   0  11   0   4]
 [  9   0   0   8  34   0   0   0   0   0   0   0   0]
 [ 10   0   0   4   2 166   3   0   4   0   0   3   0]
 [  0   0   0   6   0   4 499   0   0   0   0   0   0]
 [  3   0   0   0   0   0   0   0   9   0   0   0   0]
 [ 42   0   0   5   0   0   0   0  90   5   0   0   0]
 [ 35   0   0   0   0   0   0   0   2  32   0   3   0]
 [ 31   0   0  46   0   0   0   0  13   0  26   0   0]
 [  0   0   0   0   0   5   0   0   0  12   0  75   0]
 [ 14   0   0   0   0   0   0   0   2   0   0   0  13]]
Epoch 2:
[[871  17   0  56   0   0   1   0  11  11  15   1   3]
 [ 18  28   0  14   1   1   0   0   3   0   4   0   1]
 [  8  28   0   2   0   0   0   0   0   0   0   0   0]
 [ 42   4   0 487   5   3   0   0   0   0  36   0   4]
 [  6   0   0  14  31   0   0   0   0   0   0   0   0]
 [  4   0   0  12   0 161   9   0   3   0   1   2   0]
 [  0   0   0   1   0   3 502   0   0   0   3   0   0]
 [  9   2   0   0   0   0   0   0   1   0   0   0   0]
 [ 56   2   0   6   0   0   0   0  64   1  11   2   0]
 [ 37   0   0   1   0   0   0   0   0  18   0  16   0]
 [ 24   0   0  34   0   0   0   0   0   0  58   0   0]
 [  0   0   0   0   0   5   0   0   0   3   0  84   0]
 [ 16   0   0   1   0   0   0   0   0   0   0   1  11]]
Epoch 3:
[[920   6   9  30   2   0   1   0   7   8   0   1   2]
 [ 38   8  12   7   2   0   0   0   2   0   0   0   1]
 [ 10  14  12   2   0   0   0   0   0   0   0   0   0]
 [ 70   3   7 475   5   3   0   0   0   0  14   0   4]
 [  6   0   0   9  36   0   0   0   0   0   0   0   0]
 [  6   0   0   7   2 171   1   0   3   0   0   2   0]
 [  0   0   0   7   0   6 496   0   0   0   0   0   0]
 [ 10   1   0   0   0   0   0   0   1   0   0   0   0]
 [ 79   1   0   7   0   0   0   0  52   3   0   0   0]
 [ 41   0   1   0   0   0   0   0   0  25   0   5   0]
 [ 32   0   0  59   0   0   0   0   6   0  19   0   0]
 [  0   0   0   0   0   6   0   0   0   9   0  77   0]
 [  9   0   0   1   0   0   0   0   0   0   0   1  18]]
Epoch 4:
[[870  11   5  44   5   4   1   0  22  16   1   1   6]
 [ 29  18   2  10   2   1   0   0   7   0   0   0   1]
 [ 10  19   6   3   0   0   0   0   0   0   0   0   0]
 [ 60   6   1 480   5   3   0   0   0   1  20   1   4]
 [  6   0   0   8  37   0   0   0   0   0   0   0   0]
 [  4   0   0   7   2 170   4   0   3   0   0   2   0]
 [  0   0   0   4   0   5 498   0   0   0   2   0   0]
 [  9   2   0   0   0   0   0   0   1   0   0   0   0]
 [ 51   1   0   7   0   0   0   0  79   3   1   0   0]
 [ 34   0   0   0   0   0   0   0   0  30   0   8   0]
 [ 24   0   0  48   1   0   0   0  12   0  31   0   0]
 [  0   0   0   0   0   2   0   0   0   6   0  84   0]
 [  7   0   0   1   0   0   0   0   0   0   0   1  20]]
=> Iteration 2:
Epoch 1:
[[966   6   0   7   0   0   1   0   4   0   1   1   0]
 [ 60   6   0   2   1   0   0   0   1   0   0   0   0]
 [ 21  15   0   2   0   0   0   0   0   0   0   0   0]
 [168  13   0 372   6   2   0   0   0   0  19   0   1]
 [ 12   0   0   6  33   0   0   0   0   0   0   0   0]
 [ 14   0   0   9   2 143  10   0   3   0   1  10   0]
 [  3   0   0   9   0   3 494   0   0   0   0   0   0]
 [ 11   1   0   0   0   0   0   0   0   0   0   0   0]
 [ 92   2   0   0   0   0   0   0  46   1   0   1   0]
 [ 55   0   0   0   0   0   0   0   0   9   0   8   0]
 [ 58   0   0  33   0   0   0   0   0   0  25   0   0]
 [  6   0   0   0   0   0   0   0   0   3   0  83   0]
 [ 26   0   0   0   0   0   0   0   0   0   0   0   3]]
Epoch 2:
[[948   2   3  17   2   0   1   0  10   2   0   0   1]
 [ 51   6   1   6   4   0   0   0   2   0   0   0   0]
 [ 20  15   1   2   0   0   0   0   0   0   0   0   0]
 [107   1   0 445   6   4   0   0   0   0  16   1   1]
 [  6   0   0   6  39   0   0   0   0   0   0   0   0]
 [  8   0   0   2   3 173   2   0   2   0   0   2   0]
 [  1   0   0   0   0   3 505   0   0   0   0   0   0]
 [ 11   1   0   0   0   0   0   0   0   0   0   0   0]
 [ 78   0   0   3   0   0   0   0  60   1   0   0   0]
 [ 41   0   0   0   0   0   0   0   0  29   0   2   0]
 [ 42   0   0  47   0   1   0   0   5   0  20   1   0]
 [  1   0   0   0   0   1   0   0   0  15   0  75   0]
 [ 16   0   0   1   0   0   0   0   0   0   0   1  11]]
Epoch 3:
[[865  28  16  28   5   0   1   0  14  20   3   2   4]
 [ 19  19  12   7   3   0   0   0   5   0   4   0   1]
 [  5  25   5   3   0   0   0   0   0   0   0   0   0]
 [ 57  21   0 458   6   3   0   0   0   0  31   1   4]
 [  6   0   0   7  38   0   0   0   0   0   0   0   0]
 [  7   0   0   6   3 161   7   0   1   0   2   5   0]
 [  0   0   0   3   0   1 504   0   0   0   1   0   0]
 [  6   3   0   0   0   0   0   0   2   1   0   0   0]
 [ 60   6   0   7   0   0   0   0  62   3   4   0   0]
 [ 31   0   1   0   0   0   0   0   0  30   0  10   0]
 [ 29   0   0  34   1   0   0   0   2   0  50   0   0]
 [  0   0   0   0   0   0   0   0   0   4   0  88   0]
 [ 11   0   0   1   0   0   0   0   0   0   0   1  16]]
Epoch 4:
[[866  17   1  42   3  10   1   0  18  23   1   1   3]
 [ 32  15   3  10   2   0   0   0   7   0   0   0   1]
 [  9  22   5   2   0   0   0   0   0   0   0   0   0]
 [ 74  13   0 460   5   3   0   0   0   0  21   1   4]
 [  6   0   0   7  38   0   0   0   0   0   0   0   0]
 [  4   0   0   7   2 173   1   0   3   0   0   2   0]
 [  0   0   0   2   0   5 502   0   0   0   0   0   0]
 [  6   2   0   0   0   0   0   0   3   1   0   0   0]
 [ 60   1   0   7   0   0   0   0  72   2   0   0   0]
 [ 28   0   0   1   0   0   0   0   0  34   0   9   0]
 [ 27   0   0  45   1   0   0   0  10   0  33   0   0]
 [  0   0   0   0   0   2   0   0   0   8   0  82   0]
 [ 11   0   0   1   0   0   0   0   0   1   0   1  15]]
=> Iteration 3:
Epoch 1:
[[925  20   0  19   1   1   0   0   2   7   1   1   9]
 [ 36  25   0   6   1   1   0   0   0   0   0   0   1]
 [  6  30   0   2   0   0   0   0   0   0   0   0   0]
 [ 88   4   0 462   5   3   0   0   0   0  14   0   5]
 [  6   0   0  11  34   0   0   0   0   0   0   0   0]
 [  8   0   0   8   1 165   4   0   3   0   1   2   0]
 [  0   0   0   4   0  11 494   0   0   0   0   0   0]
 [ 11   1   0   0   0   0   0   0   0   0   0   0   0]
 [100   0   0   5   0   0   0   0  30   1   4   2   0]
 [ 42   0   0   0   0   0   0   0   0  27   0   3   0]
 [ 39   6   0  46   0   0   0   0   0   0  25   0   0]
 [  0   0   0   0   0   7   0   0   0   9   0  76   0]
 [  9   1   0   1   0   0   0   0   0   1   0   1  16]]
Epoch 2:
[[785  19   1 120   0   0   1   0   4  17   0   1  38]
 [ 27  22   0  18   1   0   0   0   1   0   0   0   1]
 [  4  30   0   4   0   0   0   0   0   0   0   0   0]
 [ 21   6   0 535   5   3   0   0   0   3   3   0   5]
 [  5   0   0  13  31   0   0   0   0   0   0   0   2]
 [  4   0   0  18   0 161   2   0   3   0   0   4   0]
 [  0   0   0  18   0   7 484   0   0   0   0   0   0]
 [ 11   1   0   0   0   0   0   0   0   0   0   0   0]
 [ 87   0   0   9   0   0   0   0  41   3   0   0   2]
 [ 32   0   0   1   0   0   0   0   0  34   0   5   0]
 [ 35   0   0  68   0   0   0   0   2   0  11   0   0]
 [  0   0   0   0   0   4   0   0   0  13   0  75   0]
 [  4   0   0   1   0   0   0   0   0   1   0   1  22]]
Epoch 3:
[[863   8   0  72   3   3   1   0  14  20   1   0   1]
 [ 28  19   0  15   2   1   0   0   4   0   0   0   1]
 [  7  27   0   4   0   0   0   0   0   0   0   0   0]
 [ 43   9   0 501   5   3   1   0   0   3  12   0   4]
 [  6   0   0   7  38   0   0   0   0   0   0   0   0]
 [  4   0   0  13   2 143  19   0   3   0   0   8   0]
 [  0   0   0   1   0   0 508   0   0   0   0   0   0]
 [  8   2   0   0   0   0   0   0   2   0   0   0   0]
 [ 66   0   0   7   0   0   0   0  67   2   0   0   0]
 [ 31   0   0   1   0   0   0   0   0  31   0   9   0]
 [ 29   0   0  55   0   0   0   0   7   0  25   0   0]
 [  0   0   0   0   0   1   0   0   0   6   0  85   0]
 [ 11   0   0   1   0   0   0   0   0   1   0   1  15]]
Epoch 4:
[[880  11   3  34   4   3   1   0  21  18   2   2   7]
 [ 32  13   6   7   3   1   0   0   7   0   0   0   1]
 [  9  19   7   3   0   0   0   0   0   0   0   0   0]
 [ 63   7   1 472   5   3   0   0   0   2  22   2   4]
 [  6   0   0   6  39   0   0   0   0   0   0   0   0]
 [  4   0   0   6   2 170   1   0   3   0   0   6   0]
 [  0   0   0   2   0   6 500   0   0   0   1   0   0]
 [  5   2   0   0   0   0   0   0   4   1   0   0   0]
 [ 55   0   0   7   0   0   0   0  78   2   0   0   0]
 [ 33   0   0   0   0   0   0   0   0  29   0  10   0]
 [ 25   0   0  40   1   0   0   0  12   0  38   0   0]
 [  0   0   0   0   0   1   0   0   0   4   0  87   0]
 [  8   0   0   1   0   0   0   0   0   1   0   1  18]]

Scores
------
Epoch: 1
             Train loss  Test loss  P (micro)  R (micro)  F1 (micro)  P (weighted)  R (weighted)  F1 (weighted)
Iteration 0    0.994554   0.664181   0.787889   0.787889    0.787889      0.790240      0.787889       0.764882
Iteration 1    0.999588   0.614964   0.801038   0.801038    0.801038      0.785143      0.801038       0.785228
Iteration 2    1.015534   0.833982   0.754325   0.754325    0.754325      0.758686      0.754325       0.724738
Iteration 3    1.013407   0.674045   0.788581   0.788581    0.788581      0.780444      0.788581       0.766434

Epoch: 2
             Train loss  Test loss  P (micro)  R (micro)  F1 (micro)  P (weighted)  R (weighted)  F1 (weighted)
Iteration 0    0.730501   0.624175   0.802422   0.802422    0.802422      0.784774      0.802422       0.785767
Iteration 1    0.737683   0.649538   0.801038   0.801038    0.801038      0.787112      0.801038       0.788637
Iteration 2    0.743608   0.664261   0.800000   0.800000    0.800000      0.784319      0.800000       0.775737
Iteration 3    0.746679   0.749664   0.761592   0.761592    0.761592      0.769137      0.761592       0.742791

Epoch: 3
             Train loss  Test loss  P (micro)  R (micro)  F1 (micro)  P (weighted)  R (weighted)  F1 (weighted)
Iteration 0    0.671695   0.645332   0.800346   0.800346    0.800346      0.788848      0.800346       0.783980
Iteration 1    0.676661   0.655481   0.798962   0.798962    0.798962      0.783568      0.798962       0.779050
Iteration 2    0.679919   0.662273   0.794464   0.794464    0.794464      0.794125      0.794464       0.790603
Iteration 3    0.694875   0.667430   0.794118   0.794118    0.794118      0.776003      0.794118       0.776646

Epoch: 4
             Train loss  Test loss  P (micro)  R (micro)  F1 (micro)  P (weighted)  R (weighted)  F1 (weighted)
Iteration 0    0.611004   0.609230   0.813149   0.813149    0.813149      0.798509      0.813149       0.801663
Iteration 1    0.615997   0.648523   0.803806   0.803806    0.803806      0.789118      0.803806       0.792054
Iteration 2    0.619752   0.639255   0.794118   0.794118    0.794118      0.783473      0.794118       0.783164
Iteration 3    0.615770   0.639007   0.806574   0.806574    0.806574      0.792466      0.806574       0.795540

