RESULTS REPORT
Model: RoBERTa
Encoder: roberta-base
Evaluation: test set (4 random seeds)
Train scheme: fine-tuning
Max sequence length: 512
Min context length: 350
Batch size: 4
Dropout rate: 0.1
Learning rate: 1e-05
Adam Epsilon: 1e-08
Use MLP: False
Weight decay: 0.001
Train time: 02h33m24s
GPU name: NVIDIA GeForce GTX 1080 Ti
GPU memory: 10.92

Averages:
Epoch Train loss    std    Test loss    std    P (micro)  P std  R (micro)  R std  F1 (micro)  F1 std P (weighted)  P std  R (weighted)  R std  F1 (weighted)  F1 std
   1   1.015463   0.011398  0.701189  0.046766   0.7857   0.0089   0.7857   0.0089   0.7857    0.0089    0.7729     0.0233    0.7857     0.0089     0.7673     0.0125
   2   0.756013   0.016725  0.692484  0.026195   0.7912   0.0059   0.7912   0.0059   0.7912    0.0059    0.7720     0.0081    0.7912     0.0059     0.7713     0.0050
   3   0.684181   0.017725  0.666990  0.004034   0.7953   0.0017   0.7953   0.0017   0.7953    0.0017    0.7792     0.0059    0.7953     0.0017     0.7797     0.0056
   4   0.618587   0.011559  0.645365  0.015529   0.8010   0.0056   0.8010   0.0056   0.8010    0.0056    0.7867     0.0033    0.8010     0.0056     0.7886     0.0043

*** Detailed report ***

Confusion matrices
------------------
ANALYSIS: 0 
ARG_PETITIONER: 1 
ARG_RESPONDENT: 2 
FAC: 3 
ISSUE: 4 
NONE: 5 
PREAMBLE: 6 
PRE_NOT_RELIED: 7 
PRE_RELIED: 8 
RATIO: 9 
RLC: 10 
RPC: 11 
STA: 12 
=> Iteration 0:
Epoch 1:
[[882   7   0  60   1   0   1   0  18  11   0   1   5]
 [ 37  11   0  15   1   0   0   0   5   0   0   0   1]
 [ 16  19   0   3   0   0   0   0   0   0   0   0   0]
 [ 71   1   0 500   5   0   0   0   0   0   0   0   4]
 [  7   0   0  10  34   0   0   0   0   0   0   0   0]
 [  4   0   0  36   2 134   5   0   3   1   0   7   0]
 [  0   0   0  18   0   2 489   0   0   0   0   0   0]
 [ 11   1   0   0   0   0   0   0   0   0   0   0   0]
 [ 64   0   0  12   0   0   0   0  61   4   0   1   0]
 [ 35   0   0   0   0   0   0   0   0  30   0   7   0]
 [ 39   0   0  72   0   0   0   0   5   0   0   0   0]
 [  0   0   0   0   0   0   0   0   0   8   0  84   0]
 [ 13   0   0   0   0   0   0   0   0   0   0   1  15]]
Epoch 2:
[[830  35   1  81   0   6   0   0  22   6   1   0   4]
 [ 12  35   0  17   1   0   0   0   4   0   0   0   1]
 [  2  32   1   3   0   0   0   0   0   0   0   0   0]
 [ 30  13   0 517   5   1   0   0   0   0  11   0   4]
 [  7   0   0  10  34   0   0   0   0   0   0   0   0]
 [  3   1   0  17   2 161   1   0   4   1   0   2   0]
 [  0   0   0  11   0   5 491   0   0   0   2   0   0]
 [  7   2   0   0   0   0   0   0   3   0   0   0   0]
 [ 60   0   0   9   0   0   0   0  70   1   2   0   0]
 [ 39   0   0   0   0   0   0   0   0  31   0   2   0]
 [ 26   0   0  68   0   0   0   0  10   0  12   0   0]
 [  0   0   0   2   0   2   0   0   0  14   0  74   0]
 [ 10   0   0   1   0   0   0   0   0   0   0   1  17]]
Epoch 3:
[[822  10   6  62   1   9   1   0  33  25   1   6  10]
 [ 27  10  11  10   2   1   0   0   8   0   0   0   1]
 [ 11   8  17   2   0   0   0   0   0   0   0   0   0]
 [ 50   3   7 491   5   3   0   0   0   1  13   4   4]
 [  6   0   0   8  35   1   0   0   0   0   0   0   1]
 [  3   1   0   6   1 168   3   0   4   0   0   6   0]
 [  0   0   0   5   0   4 498   0   0   0   2   0   0]
 [  3   2   0   0   0   0   0   0   7   0   0   0   0]
 [ 43   0   0   7   0   0   0   0  88   4   0   0   0]
 [ 24   0   0   0   0   0   0   0   0  35   0  13   0]
 [ 26   0   0  57   0   1   0   0  11   0  21   0   0]
 [  0   0   0   0   0   0   0   0   0   4   0  88   0]
 [  5   0   0   1   0   0   0   0   0   0   0   1  22]]
Epoch 4:
[[843  11   7  61   1   8   1   0  26  22   1   0   5]
 [ 29  11  11   9   2   1   0   0   6   0   0   0   1]
 [ 11   6  18   3   0   0   0   0   0   0   0   0   0]
 [ 57   2   8 483   5   3   0   0   0   2  15   2   4]
 [  6   0   0   6  37   2   0   0   0   0   0   0   0]
 [  3   0   0   4   2 174   3   0   4   0   0   2   0]
 [  0   0   0   4   0   5 498   0   0   0   2   0   0]
 [  3   1   1   0   0   0   0   0   7   0   0   0   0]
 [ 48   0   0   7   0   0   0   0  83   4   0   0   0]
 [ 28   0   0   0   0   0   0   0   0  35   0   9   0]
 [ 24   0   0  53   0   0   0   0  12   0  27   0   0]
 [  0   0   0   0   0   2   0   0   0   6   0  84   0]
 [  9   0   0   1   0   0   0   0   0   0   0   1  18]]
=> Iteration 1:
Epoch 1:
[[943  10   0  15   1   0   1   0   3  11   0   1   1]
 [ 42  20   0   5   1   0   0   0   2   0   0   0   0]
 [ 10  26   0   2   0   0   0   0   0   0   0   0   0]
 [ 92  12   0 451   5   4   0   0   0   0  12   1   4]
 [  8   0   0   8  35   0   0   0   0   0   0   0   0]
 [  8   0   0   6   2 165   6   0   3   0   0   2   0]
 [  0   0   0   0   0   2 507   0   0   0   0   0   0]
 [ 11   1   0   0   0   0   0   0   0   0   0   0   0]
 [ 86   0   0   4   0   0   0   0  49   2   0   1   0]
 [ 40   0   0   0   0   0   0   0   0  29   0   3   0]
 [ 46   0   0  45   0   1   0   0   2   0  22   0   0]
 [  0   0   0   0   0   4   0   0   0  13   0  75   0]
 [ 18   0   0   0   0   0   0   0   0   1   0   0  10]]
Epoch 2:
[[907   4   4  20   0   0   1   0  17  32   0   0   1]
 [ 44  10   2   6   1   0   0   0   6   0   0   0   1]
 [ 13  12  11   2   0   0   0   0   0   0   0   0   0]
 [ 80   1   3 471   5   4   1   0   0   3   9   1   3]
 [  7   0   0   9  35   0   0   0   0   0   0   0   0]
 [ 10   0   0   4   1 159  12   0   3   0   0   3   0]
 [  0   0   0   0   0   1 508   0   0   0   0   0   0]
 [  6   1   0   0   0   0   0   0   4   1   0   0   0]
 [ 56   0   0   7   0   0   0   0  74   5   0   0   0]
 [ 24   0   0   0   0   0   0   0   0  44   0   4   0]
 [ 40   0   0  65   0   0   0   0   6   0   5   0   0]
 [  0   0   0   0   0   1   0   0   0  14   0  77   0]
 [ 14   0   0   1   0   0   0   0   0   1   0   1  12]]
Epoch 3:
[[889  14   0  47   4   4   0   0   7  15   2   1   3]
 [ 33  18   0  11   2   1   0   0   4   0   0   0   1]
 [ 12  24   0   2   0   0   0   0   0   0   0   0   0]
 [ 60   4   0 491   6   3   0   0   0   1  10   2   4]
 [  7   0   0   7  37   0   0   0   0   0   0   0   0]
 [  8   0   0   5   2 172   0   0   2   0   0   3   0]
 [  0   0   0   5   0   8 495   0   0   0   1   0   0]
 [  9   2   0   0   0   0   0   0   1   0   0   0   0]
 [ 82   0   0   7   0   0   0   0  51   2   0   0   0]
 [ 36   0   0   0   0   0   0   0   0  26   0  10   0]
 [ 30   0   0  69   0   0   0   0   5   0  12   0   0]
 [  0   0   0   0   0   3   0   0   0   3   0  86   0]
 [  9   0   0   1   0   0   0   0   0   0   0   1  18]]
Epoch 4:
[[886   9   0  37   3   7   1   0  16  19   2   2   4]
 [ 31  15   4  10   2   1   0   0   6   0   0   0   1]
 [ 12  22   1   3   0   0   0   0   0   0   0   0   0]
 [ 60   5   0 487   6   4   0   0   0   2  11   2   4]
 [  7   0   0   8  36   0   0   0   0   0   0   0   0]
 [  4   0   0   5   2 174   1   0   3   0   0   3   0]
 [  0   0   0   2   0   5 501   0   0   0   1   0   0]
 [  7   2   0   0   0   0   0   0   3   0   0   0   0]
 [ 62   0   0   7   0   0   0   0  69   4   0   0   0]
 [ 32   0   0   0   0   0   0   0   0  31   0   9   0]
 [ 25   0   0  54   0   0   0   0  10   0  27   0   0]
 [  0   0   0   0   0   1   0   0   0   8   0  83   0]
 [  8   0   0   1   0   0   0   0   0   0   0   1  19]]
=> Iteration 2:
Epoch 1:
[[801  81   0  33   7   6   0   0  26  17   9   3   3]
 [ 13  40   0   6   1   1   0   0   4   0   5   0   0]
 [  1  34   0   3   0   0   0   0   0   0   0   0   0]
 [ 39  15   0 490   8   3   0   0   0   0  22   0   4]
 [  6   0   0  11  34   0   0   0   0   0   0   0   0]
 [  4   0   0  10   2 164   5   0   3   0   0   4   0]
 [  0   0   0   5   0   5 499   0   0   0   0   0   0]
 [  6   3   0   0   0   0   0   0   2   1   0   0   0]
 [ 46  10   0   2   0   0   0   0  72   2   8   2   0]
 [ 25   0   0   0   0   0   0   0   3  25   0  19   0]
 [ 27   6   0  46   0   3   0   0   0   0  34   0   0]
 [  0   0   0   0   0   1   0   0   0   3   0  88   0]
 [ 14   4   0   1   0   0   1   0   1   0   0   1   7]]
Epoch 2:
[[866  14   0  67   2   0   1   0  26   6   1   0   3]
 [ 27  16   0  16   1   0   0   0   9   0   0   0   1]
 [ 15  20   0   3   0   0   0   0   0   0   0   0   0]
 [ 42   1   0 514   5   2   0   0   4   0   9   0   4]
 [  6   0   0   8  37   0   0   0   0   0   0   0   0]
 [  5   0   0  11   1 144  23   0   3   0   0   5   0]
 [  0   0   0   6   0   0 503   0   0   0   0   0   0]
 [  7   1   0   0   0   0   0   0   4   0   0   0   0]
 [ 50   1   0   7   0   0   0   0  83   1   0   0   0]
 [ 47   0   0   0   0   0   0   0   0  21   0   4   0]
 [ 25   0   0  70   0   0   0   0  15   0   6   0   0]
 [  0   0   0   0   0   0   0   0   0   8   0  84   0]
 [ 11   0   0   1   0   0   0   0   0   0   0   1  16]]
Epoch 3:
[[864  16   7  39   1   8   1   0  28   9   1   2  10]
 [ 28  13  10   7   1   1   0   0   9   0   0   0   1]
 [ 10  17   8   3   0   0   0   0   0   0   0   0   0]
 [ 69   3   6 473   5   4   2   0   0   0  13   1   5]
 [  8   0   0   8  35   0   0   0   0   0   0   0   0]
 [  5   0   0   4   1 168   7   0   4   0   0   3   0]
 [  0   0   0   3   0   2 504   0   0   0   0   0   0]
 [  3   2   0   0   0   0   0   0   7   0   0   0   0]
 [ 47   0   0   7   0   0   0   0  86   2   0   0   0]
 [ 30   0   0   1   0   0   0   0   1  31   0   9   0]
 [ 25   0   0  56   0   0   0   0  13   0  22   0   0]
 [  0   0   0   0   0   2   0   0   0   9   0  81   0]
 [  5   0   0   1   0   0   0   0   0   0   0   1  22]]
Epoch 4:
[[839  22   3  46   3   8   1   0  32  17   3   2  10]
 [ 32  17   2   8   1   1   0   0   8   0   0   0   1]
 [  8  22   5   3   0   0   0   0   0   0   0   0   0]
 [ 67   4   5 476   5   3   0   0   1   0  14   2   4]
 [  7   0   0   8  36   0   0   0   0   0   0   0   0]
 [  6   0   0   5   2 170   2   0   3   0   0   4   0]
 [  0   0   0   4   0   4 501   0   0   0   0   0   0]
 [  4   2   0   0   0   0   0   0   5   1   0   0   0]
 [ 46   1   0   7   0   0   0   0  85   3   0   0   0]
 [ 29   0   0   1   0   0   0   0   1  30   0  11   0]
 [ 23   0   0  52   0   0   0   0  12   0  29   0   0]
 [  0   0   0   0   0   1   0   0   0   9   0  82   0]
 [  6   0   0   1   0   0   0   0   1   0   0   1  20]]
=> Iteration 3:
Epoch 1:
[[904  24   0  22   4   6   0   0  12   9   0   3   2]
 [ 22  36   0   6   1   1   0   0   4   0   0   0   0]
 [  9  26   1   2   0   0   0   0   0   0   0   0   0]
 [ 71  23   0 458   9   6   0   0   0   0  10   0   4]
 [  8   0   0   4  37   2   0   0   0   0   0   0   0]
 [  9   0   0   1   2 169   2   0   3   0   0   6   0]
 [  1   0   0   5   0  13 490   0   0   0   0   0   0]
 [ 11   1   0   0   0   0   0   0   0   0   0   0   0]
 [ 74   3   0   4   0   0   0   0  58   2   0   1   0]
 [ 38   0   0   0   0   0   0   0   0  25   0   9   0]
 [ 46   0   0  50   1   1   0   0   1   0  11   6   0]
 [  0   0   0   0   0   0   0   0   0   9   0  83   0]
 [ 16   0   0   0   0   0   0   0   0   1   0   1  11]]
Epoch 2:
[[866   5   0  79   1   9   0   0   6  10   2   3   5]
 [ 37  10   0  18   1   1   0   0   2   0   0   0   1]
 [ 13  21   0   4   0   0   0   0   0   0   0   0   0]
 [ 45   5   0 493   5   4   0   0   0   0  24   1   4]
 [  6   0   0   9  36   0   0   0   0   0   0   0   0]
 [  4   0   0  13   0 169   0   0   3   0   0   3   0]
 [  6   0   0   8   0   8 485   0   0   0   2   0   0]
 [ 10   1   0   0   0   0   0   0   1   0   0   0   0]
 [ 78   0   0   5   0   0   0   0  54   2   3   0   0]
 [ 36   0   0   0   0   0   0   0   0  17   0  19   0]
 [ 33   0   0  43   0   0   0   0   3   0  37   0   0]
 [  0   0   0   0   0   2   0   0   0   3   0  87   0]
 [ 10   0   0   1   0   0   0   0   0   0   0   2  16]]
Epoch 3:
[[821   8  11  53   7  12   2   0  40  15   2   5  10]
 [ 20   6  18   6   4   2   0   0  13   0   0   0   1]
 [  9   6  20   3   0   0   0   0   0   0   0   0   0]
 [ 53   1   5 485   9   7   1   0   0   0  14   2   4]
 [  5   0   0   2  42   2   0   0   0   0   0   0   0]
 [  3   0   0   2   1 168  12   0   4   0   0   2   0]
 [  0   0   0   0   0   0 509   0   0   0   0   0   0]
 [  3   1   0   0   0   0   0   0   8   0   0   0   0]
 [ 41   0   0   7   0   0   0   0  92   1   0   1   0]
 [ 32   0   0   0   0   0   0   0   1  22   0  17   0]
 [ 21   0   0  54   1   0   0   0  16   0  24   0   0]
 [  0   0   0   0   0   1   0   0   0   4   0  87   0]
 [  4   0   0   1   0   0   0   0   1   1   0   1  21]]
Epoch 4:
[[865  11   3  48   3   6   1   0  23  18   4   1   3]
 [ 31  14   5   9   2   1   0   0   7   0   0   0   1]
 [ 11  14  11   2   0   0   0   0   0   0   0   0   0]
 [ 49   5   0 490   5   4   0   0   0   1  22   1   4]
 [  6   0   0   8  37   0   0   0   0   0   0   0   0]
 [  5   0   0   7   2 170   2   0   4   0   0   2   0]
 [  0   0   0   2   0   3 504   0   0   0   0   0   0]
 [  6   2   0   0   0   0   0   0   4   0   0   0   0]
 [ 54   0   0   7   0   0   0   0  78   3   0   0   0]
 [ 32   0   0   0   0   0   0   0   0  30   0  10   0]
 [ 23   0   0  46   1   0   0   0  13   0  33   0   0]
 [  0   0   0   0   0   1   0   0   0   7   0  84   0]
 [ 13   0   0   1   0   0   0   0   0   0   0   1  14]]

Scores
------
Epoch: 1
             Train loss  Test loss  P (micro)  R (micro)  F1 (micro)  P (weighted)  R (weighted)  F1 (weighted)
Iteration 0    1.025479   0.776421   0.775087   0.775087    0.775087      0.732837      0.775087       0.746068
Iteration 1    1.027954   0.652533   0.797924   0.797924    0.797924      0.788086      0.797924       0.776319
Iteration 2    1.006453   0.674336   0.779931   0.779931    0.779931      0.782012      0.779931       0.776529
Iteration 3    1.001967   0.701468   0.789965   0.789965    0.789965      0.788815      0.789965       0.770206

Epoch: 2
             Train loss  Test loss  P (micro)  R (micro)  F1 (micro)  P (weighted)  R (weighted)  F1 (weighted)
Iteration 0    0.774994   0.712007   0.786505   0.786505    0.786505      0.780743      0.786505       0.772755
Iteration 1    0.765899   0.670616   0.800346   0.800346    0.800346      0.779466      0.800346       0.778826
Iteration 2    0.752628   0.724337   0.792388   0.792388    0.792388      0.763523      0.792388       0.768163
Iteration 3    0.730530   0.662977   0.785467   0.785467    0.785467      0.764164      0.785467       0.765573

Epoch: 3
             Train loss  Test loss  P (micro)  R (micro)  F1 (micro)  P (weighted)  R (weighted)  F1 (weighted)
Iteration 0    0.692608   0.673893   0.794118   0.794118    0.794118      0.781667      0.794118       0.782013
Iteration 1    0.702835   0.663816   0.794118   0.794118    0.794118      0.769331      0.794118       0.770491
Iteration 2    0.685989   0.665584   0.798270   0.798270    0.798270      0.784983      0.798270       0.785545
Iteration 3    0.655294   0.664668   0.794810   0.794810    0.794810      0.780712      0.794810       0.780819

Epoch: 4
             Train loss  Test loss  P (micro)  R (micro)  F1 (micro)  P (weighted)  R (weighted)  F1 (weighted)
Iteration 0    0.624983   0.668321   0.799654   0.799654    0.799654      0.786720      0.799654       0.788245
Iteration 1    0.632093   0.643312   0.805882   0.805882    0.805882      0.787517      0.805882       0.789455
Iteration 2    0.616156   0.645281   0.792388   0.792388    0.792388      0.781626      0.792388       0.782324
Iteration 3    0.601116   0.624547   0.806228   0.806228    0.806228      0.790797      0.806228       0.794522

