RESULTS REPORT
Model: Longformer
Encoder: allenai/longformer-base-4096
Evaluation: test set (4 random seeds)
Train scheme: fine-tuning
Max sequence length: 1024
Min context length: 350
Batch size: 2
Dropout rate: 0.1
Learning rate: 2e-05
Adam Epsilon: 1e-08
Use MLP: False
Weight decay: 0.001
Train time: 02h24m12s
GPU name: NVIDIA GeForce GTX 1080 Ti
GPU memory: 10.92

Averages:
Epoch Train loss    std    Test loss    std    P (micro)  P std  R (micro)  R std  F1 (micro)  F1 std P (weighted)  P std  R (weighted)  R std  F1 (weighted)  F1 std
   1   1.175545   0.044264  0.716043  0.063736   0.7720   0.0149   0.7720   0.0149   0.7720    0.0149    0.7518     0.0166    0.7720     0.0149     0.7475     0.0142
   2   0.815401   0.013771  0.671118  0.019810   0.7903   0.0064   0.7903   0.0064   0.7903    0.0064    0.7832     0.0075    0.7903     0.0064     0.7731     0.0077
   3   0.700000   0.005510  0.671354  0.024282   0.7971   0.0059   0.7971   0.0059   0.7971    0.0059    0.7922     0.0093    0.7971     0.0059     0.7768     0.0094
   4   0.592442   0.009267  0.614747  0.016431   0.8062   0.0055   0.8062   0.0055   0.8062    0.0055    0.7944     0.0040    0.8062     0.0055     0.7960     0.0054

*** Detailed report ***

Confusion matrices
------------------
ANALYSIS: 0 
ARG_PETITIONER: 1 
ARG_RESPONDENT: 2 
FAC: 3 
ISSUE: 4 
NONE: 5 
PREAMBLE: 6 
PRE_NOT_RELIED: 7 
PRE_RELIED: 8 
RATIO: 9 
RLC: 10 
RPC: 11 
STA: 12 
=> Iteration 0:
Epoch 1:
[[874   6   0  63   3   6   0   0  14   2   0   2  16]
 [ 41  10   0  15   1   0   0   0   2   0   0   0   1]
 [ 18  17   0   3   0   0   0   0   0   0   0   0   0]
 [ 61   0   0 490   8   3   1   0   0   0  11   2   5]
 [  5   0   0   8  36   0   1   0   0   0   0   0   1]
 [  3   0   0   4   3 166   6   0   3   0   0   7   0]
 [  0   0   0   6   0   4 499   0   0   0   0   0   0]
 [  9   1   0   0   0   0   0   0   2   0   0   0   0]
 [ 76   0   0   0   0   0   0   0  63   0   0   3   0]
 [ 43   0   0   0   0   0   0   0   0  16   0  13   0]
 [ 44   0   0  54   0   1   0   0   0   0  12   5   0]
 [  0   0   0   0   0   1   0   0   0   2   0  89   0]
 [ 14   0   0   0   0   0   0   0   0   0   0   1  14]]
Epoch 2:
[[767   4   0 168   2   1   0   0  22  19   1   1   1]
 [ 27   5   0  29   1   0   0   0   6   0   1   0   1]
 [ 16  13   0   9   0   0   0   0   0   0   0   0   0]
 [  8   0   0 559   5   2   0   0   0   0   4   0   3]
 [  5   0   0   8  38   0   0   0   0   0   0   0   0]
 [  3   0   0  13   1 165   5   0   3   0   0   2   0]
 [  0   0   0   1   0   3 505   0   0   0   0   0   0]
 [  7   1   0   0   0   0   0   0   4   0   0   0   0]
 [ 49   0   0   9   0   0   0   0  83   1   0   0   0]
 [ 26   0   0   3   0   0   0   0   0  37   0   6   0]
 [ 25   0   0  65   0   0   0   0  12   0  14   0   0]
 [  0   0   0   0   0   1   0   0   0   8   0  83   0]
 [ 11   0   0   2   0   0   0   0   2   0   0   1  13]]
Epoch 3:
[[854   7   2  86   1   2   0   0   5  18   4   1   6]
 [ 31  11   2  21   1   0   0   0   3   0   0   0   1]
 [ 13  23   0   2   0   0   0   0   0   0   0   0   0]
 [ 35   6   0 521   5   3   0   0   0   0   9   0   2]
 [  6   0   0   8  37   0   0   0   0   0   0   0   0]
 [  4   0   0   7   1 171   4   0   3   0   0   2   0]
 [  0   0   0   6   0   5 498   0   0   0   0   0   0]
 [  7   2   0   0   0   0   0   0   1   2   0   0   0]
 [ 77   2   0   6   0   0   0   0  53   2   2   0   0]
 [ 24   0   0   1   0   0   0   0   0  40   0   7   0]
 [ 34   0   0  59   0   0   0   0   2   0  21   0   0]
 [  0   0   0   0   0   1   0   0   0  10   0  81   0]
 [  9   0   0   1   0   0   0   0   0   1   0   1  17]]
Epoch 4:
[[893  14   7  24   2   1   0   0  14  14   3   2  12]
 [ 23  14  10  15   1   0   0   0   4   0   2   0   1]
 [ 11  18   7   2   0   0   0   0   0   0   0   0   0]
 [ 72   6   1 468   6   3   0   0   1   0  20   0   4]
 [  5   0   0   7  38   0   0   0   0   0   0   0   1]
 [  4   0   0   6   1 171   4   0   3   0   0   3   0]
 [  0   0   0   6   0   4 499   0   0   0   0   0   0]
 [  3   2   0   0   0   0   0   0   7   0   0   0   0]
 [ 62   3   0   0   0   0   0   0  74   1   2   0   0]
 [ 25   0   0   1   0   0   0   0   0  38   0   8   0]
 [ 28   0   0  40   0   1   0   0  10   0  37   0   0]
 [  0   0   0   0   0   2   0   0   0   9   0  81   0]
 [  6   0   0   1   0   0   0   0   0   1   0   1  20]]
=> Iteration 1:
Epoch 1:
[[882   4   0  50   0   7   1   0   7  34   0   1   0]
 [ 36   7   0  24   0   0   0   0   2   0   0   0   1]
 [ 22  14   0   2   0   0   0   0   0   0   0   0   0]
 [ 65   0   0 505   5   4   0   0   0   0   0   0   2]
 [  6   0   0  10  35   0   0   0   0   0   0   0   0]
 [  4   0   0  11   0 155  17   0   3   0   0   2   0]
 [  0   0   0  17   0  12 480   0   0   0   0   0   0]
 [ 10   1   0   0   0   0   0   0   0   1   0   0   0]
 [ 93   0   0  10   0   0   0   0  35   4   0   0   0]
 [ 19   0   0   1   0   0   0   0   0  49   0   3   0]
 [ 32   0   0  80   0   1   0   0   3   0   0   0   0]
 [  0   0   0   0   0   3   0   0   0  10   0  79   0]
 [ 23   0   0   1   0   0   0   0   0   1   0   1   3]]
Epoch 2:
[[883   6   6  26   4   1   0   0   6  23  15  10   6]
 [ 37   6  11   4   1   2   0   0   2   0   4   2   1]
 [ 16   8  12   2   0   0   0   0   0   0   0   0   0]
 [ 56   6   0 465   7   5   0   0   0   0  32   7   3]
 [  6   0   0   5  39   0   0   0   0   0   1   0   0]
 [  4   0   0   2   1 176   0   0   1   0   2   6   0]
 [  2   0   0   9   0   9 489   0   0   0   0   0   0]
 [ 10   1   0   0   0   0   0   0   0   1   0   0   0]
 [ 76   0   0   6   0   0   0   0  37   2  18   3   0]
 [ 25   0   0   0   0   0   0   0   0  28   0  19   0]
 [ 27   0   0  30   0   2   0   0   0   0  56   1   0]
 [  0   0   0   0   0   1   0   0   0   3   0  88   0]
 [ 12   0   0   1   0   0   0   0   0   0   0   2  14]]
Epoch 3:
[[930   0   4   8   0   1   0   0  19  18   1   1   4]
 [ 51   0  11   1   1   0   0   0   5   0   0   0   1]
 [ 17   0  19   2   0   0   0   0   0   0   0   0   0]
 [123   1   0 427   6   6   0   0   1   0  14   0   3]
 [  8   0   0   5  38   0   0   0   0   0   0   0   0]
 [  7   0   0   1   0 174   5   0   3   0   0   2   0]
 [  0   0   0   2   0   2 505   0   0   0   0   0   0]
 [  9   0   1   0   0   0   0   0   2   0   0   0   0]
 [ 67   0   0   0   0   0   0   0  73   2   0   0   0]
 [ 33   0   0   0   0   0   0   0   0  34   0   5   0]
 [ 37   0   0  32   0   1   0   0  16   0  30   0   0]
 [  0   0   0   0   0   1   0   0   0  12   0  79   0]
 [ 15   0   0   1   0   0   0   0   0   1   0   1  11]]
Epoch 4:
[[886   9   6  33   1   2   0   0  16  20   3   3   7]
 [ 32  12  10   4   1   0   0   0   8   0   2   0   1]
 [ 11  18   7   2   0   0   0   0   0   0   0   0   0]
 [ 56   6   0 488   6   4   0   0   0   0  17   0   4]
 [  6   0   0   6  38   0   0   0   0   0   1   0   0]
 [  4   0   0   4   0 177   2   0   3   0   0   2   0]
 [  0   0   0   6   0   5 497   0   0   0   1   0   0]
 [  6   1   0   0   0   0   0   0   4   1   0   0   0]
 [ 62   0   0   6   0   0   0   0  71   3   0   0   0]
 [ 29   0   0   1   0   0   0   0   0  32   0  10   0]
 [ 21   0   0  38   0   1   0   0  14   0  42   0   0]
 [  0   0   0   0   0   1   0   0   0   9   0  82   0]
 [  9   0   0   1   0   0   0   0   0   1   0   1  17]]
=> Iteration 2:
Epoch 1:
[[885   2   8  43   2   1   0   0  12  17  10   2   4]
 [ 33   1  12  16   1   0   0   0   5   0   1   0   1]
 [ 16   0  20   2   0   0   0   0   0   0   0   0   0]
 [ 72   0   0 477   6   1   0   0   0   0  22   0   3]
 [  6   0   0   9  35   0   0   0   0   0   1   0   0]
 [  5   0   0  14   0 151   3   0   3   0   0  16   0]
 [  0   0   0  21   0   8 480   0   0   0   0   0   0]
 [ 10   0   1   0   0   0   0   0   1   0   0   0   0]
 [ 68   0   0   7   2   0   0   0  61   2   0   2   0]
 [ 30   0   0   1   0   0   0   0   0  28   0  13   0]
 [ 36   0   0  46   0   0   0   0   3   0  30   1   0]
 [  0   0   0   0   0   0   0   0   0   5   0  87   0]
 [ 17   0   0   1   0   0   0   0   1   0   0   1   9]]
Epoch 2:
[[896   9   2  13   0   9   0   0  14  41   0   0   2]
 [ 39  22   2   1   1   1   0   0   3   0   0   0   1]
 [ 10  25   1   2   0   0   0   0   0   0   0   0   0]
 [140   7   0 408   6   4   0   0   0   1  12   0   3]
 [  6   0   0   7  37   1   0   0   0   0   0   0   0]
 [  4   0   0   5   1 171   6   0   3   0   0   2   0]
 [  0   0   0   4   0   1 504   0   0   0   0   0   0]
 [  7   1   0   0   0   0   0   0   2   2   0   0   0]
 [ 77   1   0   0   0   0   0   0  61   3   0   0   0]
 [ 18   0   0   1   0   0   0   0   0  49   0   4   0]
 [ 43   0   0  45   0   1   0   0   4   0  23   0   0]
 [  0   0   0   0   0   3   0   0   0  10   0  79   0]
 [ 14   0   0   1   0   0   0   0   0   0   0   1  13]]
Epoch 3:
[[900  26   0  27   2   1   0   0  20   9   0   1   0]
 [ 34  23   0   5   1   0   0   0   6   0   0   0   1]
 [  9  26   1   2   0   0   0   0   0   0   0   0   0]
 [106   4   0 449   6   6   0   0   1   0   9   0   0]
 [  6   0   0   7  38   0   0   0   0   0   0   0   0]
 [  4   0   0   6   1 168   8   0   3   0   0   2   0]
 [  0   0   0   0   0   0 509   0   0   0   0   0   0]
 [  4   1   0   0   0   0   0   0   7   0   0   0   0]
 [ 53   1   0   0   0   0   0   0  87   1   0   0   0]
 [ 33   0   0   1   0   0   0   0   1  28   0   9   0]
 [ 32   0   0  51   0   1   0   0  11   0  21   0   0]
 [  0   0   0   0   0   4   0   0   0   8   0  80   0]
 [ 16   0   0   1   0   0   0   0   0   0   0   1  11]]
Epoch 4:
[[861  23   2  44   4   2   0   0  14  21   2   3  10]
 [ 28  22   3   7   1   2   0   0   4   0   2   0   1]
 [ 11  19   5   2   1   0   0   0   0   0   0   0   0]
 [ 76   8   0 462   6   4   0   0   0   1  20   0   4]
 [  4   0   0   6  39   1   0   0   0   0   0   0   1]
 [  4   0   0   5   1 175   2   0   3   0   0   2   0]
 [  0   0   0   5   0   5 499   0   0   0   0   0   0]
 [  5   1   0   0   0   0   0   0   6   0   0   0   0]
 [ 61   1   0   0   0   0   0   0  77   2   1   0   0]
 [ 27   0   0   1   0   0   0   0   0  35   0   9   0]
 [ 25   0   0  46   0   1   0   0  12   0  32   0   0]
 [  0   0   0   0   0   1   0   0   0   9   0  82   0]
 [  8   0   0   1   0   0   0   0   0   1   0   1  18]]
=> Iteration 3:
Epoch 1:
[[883  51   0  26   0   1   0   0  12   7   5   1   0]
 [ 20  28   0  14   0   0   0   0   4   0   4   0   0]
 [ 10  26   0   2   0   0   0   0   0   0   0   0   0]
 [119   5   0 420   5   0   0   0   0   0  32   0   0]
 [  9   0   0  10  32   0   0   0   0   0   0   0   0]
 [ 38   0   0  28   0  98   5   0   3   0   9  11   0]
 [  0   0   0   4   0   1 504   0   0   0   0   0   0]
 [ 11   1   0   0   0   0   0   0   0   0   0   0   0]
 [ 79   1   0   5   0   0   0   0  52   1   4   0   0]
 [ 43   0   0   0   0   0   0   0   0  22   0   7   0]
 [ 43   0   0  37   0   0   0   0   0   0  36   0   0]
 [  0   0   0   0   0   0   0   0   0   8   0  84   0]
 [ 23   1   0   1   0   0   0   0   1   0   0   1   2]]
Epoch 2:
[[893   3  29  29   3   6   0   0  11  10   0   1   1]
 [ 26  12  14  12   1   1   0   0   3   0   0   0   1]
 [ 11   5  20   2   0   0   0   0   0   0   0   0   0]
 [ 73   1   1 483   7   4   0   0   0   0  10   0   2]
 [  6   0   0   8  37   0   0   0   0   0   0   0   0]
 [  5   0   0   6   0 176   0   0   3   0   0   2   0]
 [  0   0   0  12   0  15 482   0   0   0   0   0   0]
 [  9   0   1   0   0   0   0   0   1   1   0   0   0]
 [ 77   1   1   3   0   0   0   0  57   3   0   0   0]
 [ 30   0   0   1   0   0   0   0   0  29   0  12   0]
 [ 31   0   0  58   0   1   0   0   5   0  21   0   0]
 [  0   0   0   0   0   1   0   0   0   3   0  88   0]
 [ 14   0   0   1   0   0   0   0   0   0   0   2  12]]
Epoch 3:
[[952   0   5   8   0   1   0   0   6  13   0   1   0]
 [ 49   1  11   4   1   0   0   0   3   0   0   0   1]
 [ 16   0  20   2   0   0   0   0   0   0   0   0   0]
 [141   0   0 423   6   3   0   0   0   0   8   0   0]
 [  6   0   0   8  37   0   0   0   0   0   0   0   0]
 [  8   0   0   7   2 161   4   0   3   0   0   7   0]
 [  0   0   0  11   0   1 497   0   0   0   0   0   0]
 [  9   0   1   0   0   0   0   0   1   1   0   0   0]
 [ 92   0   0   0   0   0   0   0  47   3   0   0   0]
 [ 34   0   0   0   0   0   0   0   0  31   0   7   0]
 [ 48   0   0  42   0   1   0   0   5   0  20   0   0]
 [  0   0   0   0   0   0   0   0   0  10   0  82   0]
 [ 21   0   0   1   0   0   0   0   0   1   0   1   5]]
Epoch 4:
[[886   5  14  25   2  10   0   0  15  16   0   3  10]
 [ 36  11  11   4   1   2   0   0   3   0   1   0   1]
 [ 11  13  12   2   0   0   0   0   0   0   0   0   0]
 [ 77   4   1 463   7   4   0   0   0   1  21   0   3]
 [  6   0   0   8  37   0   0   0   0   0   0   0   0]
 [  4   0   0   5   1 172   5   0   3   0   0   2   0]
 [  0   0   0   7   0   4 498   0   0   0   0   0   0]
 [  7   1   0   0   0   0   0   0   3   1   0   0   0]
 [ 70   0   0   0   0   0   0   0  68   3   1   0   0]
 [ 25   0   0   0   0   0   0   0   0  35   0  12   0]
 [ 30   0   0  36   0   1   0   0   7   0  42   0   0]
 [  0   0   0   0   0   1   0   0   0  10   0  81   0]
 [  7   0   0   1   0   0   0   0   0   0   0   2  19]]

Scores
------
Epoch: 1
             Train loss  Test loss  P (micro)  R (micro)  F1 (micro)  P (weighted)  R (weighted)  F1 (weighted)
Iteration 0    1.117061   0.628158   0.785121   0.785121    0.785121      0.762802      0.785121       0.758262
Iteration 1    1.192164   0.744507   0.771626   0.771626    0.771626      0.724525      0.771626       0.735730
Iteration 2    1.236877   0.691212   0.783391   0.783391    0.783391      0.767209      0.783391       0.764591
Iteration 3    1.156076   0.800295   0.747751   0.747751    0.747751      0.752566      0.747751       0.731528

Epoch: 2
             Train loss  Test loss  P (micro)  R (micro)  F1 (micro)  P (weighted)  R (weighted)  F1 (weighted)
Iteration 0    0.796877   0.694740   0.785121   0.785121    0.785121      0.773471      0.785121       0.763196
Iteration 1    0.815281   0.644541   0.793426   0.793426    0.793426      0.786339      0.793426       0.779038
Iteration 2    0.835716   0.660327   0.783391   0.783391    0.783391      0.779524      0.783391       0.768013
Iteration 3    0.813733   0.684864   0.799308   0.799308    0.799308      0.793535      0.799308       0.782033

Epoch: 3
             Train loss  Test loss  P (micro)  R (micro)  F1 (micro)  P (weighted)  R (weighted)  F1 (weighted)
Iteration 0    0.696824   0.648542   0.797232   0.797232    0.797232      0.779606      0.797232       0.777679
Iteration 1    0.698859   0.679788   0.802768   0.802768    0.802768      0.786705      0.802768       0.783815
Iteration 2    0.695061   0.649702   0.801038   0.801038    0.801038      0.801622      0.801038       0.784479
Iteration 3    0.709255   0.707384   0.787543   0.787543    0.787543      0.800686      0.787543       0.761166

Epoch: 4
             Train loss  Test loss  P (micro)  R (micro)  F1 (micro)  P (weighted)  R (weighted)  F1 (weighted)
Iteration 0    0.578650   0.611463   0.809689   0.809689    0.809689      0.797785      0.809689       0.800044
Iteration 1    0.594556   0.590199   0.812803   0.812803    0.812803      0.798401      0.812803       0.802082
Iteration 2    0.604632   0.634957   0.798270   0.798270    0.798270      0.788369      0.798270       0.788587
Iteration 3    0.591931   0.622368   0.804152   0.804152    0.804152      0.793070      0.804152       0.793318

